3.00427,0.416395,3.87011,4.13999,30.09,0.968198,9.87671,0.178678,0.13555,1.93644,
11.4738,0.273427,2.80317,0.874786,0.133112,0.151288,17.3794,0.77265,0.445224,0.878617,
0.59727,0.000783734,1.06406,0.199334,0.0190288,0.0523019,0.697224,2.0616,0.012171,2.95147,
0.275681,3.29616,0.118574,0.0743162,1.43947,0.0920684,1.37722,1.05127,0.320099,2.79459,
0.304257,0.226455,0.0266015,0.0452362,2.31212,0.169503,0.215942,1.85742,1.59618,1.06088,
0.228793,0.0826169,1.06512,3.06871,0.331654,1.17193,4.70115,2.51595,0.367475,5.33314,
0.960222,1.06498,1.65608,1.65846,1.52585,0.371419,2.80033,0.324567,6.15192,0.0543276,
0.0565985,0.152918,0.317645,0.087169,0.217801,0.0223374,0.300548,0.595049,2.12097,12.3616,
236.426,14.7342,0.0271653,1.05067,2.2976,0.386787,0.154707,1.18183,0.074,0.729066,
0.697884,1.3632,0.0402117,0.130455,0.350729,1.90176,0.674032,0.0720318,105.897,0.416201,
0.13698,0.0497964,0.808638,0.604495,0.148826,2.02358,0.674825,0.603362,0.13374,0.180029,
0.468187,0.130104,0.121891,0.537836,1.936,5.54666,2.14036,5.33701,0.710293,3.46871,
0.424116,11.7401,0.635717,0.520842,0.066204,2.36919,0.0871506,0.915631,3.91057,0.0798566,
5.64669,33.0365,0.140467,0.487436,0.54857,0.353088,0.0842674,5.09681,2.23197,0.250594,
0.0403786,0.094193,0.487013,0.175927,0.82389,0.0752948,0.0458748,0.246158,17.2433,0.88256,
0.0402502,0.346379,0.683569,0.770749,1.83566,0.928565,0.250248,3.09682,0.0610486,0.058794,
6.18459,14.2384,0.0375555,0.0288772,0.385947,0.658836,0.414051,0.581045,0.369539,0.0669351,
1.54776,0.457896,0.17865,0.0313147,0.955466,1.7798,0.11292,1.19259,9.89353,0.0689738,
0.112264,28.9276,0.493501,1.12224,0.69198,0.0676869,0.110146,1.8852,5.48487,0.190001,
2.68628,2.50844,0.128875,3.53292,3.06533,0.693024,0.291409,0.123891,6.15014,1.11832,
0.214334,0.955022,14.2875,0.519807,1.11311,0.772568,0.0731371,1.91666,0.0789316,0.00724194,
2.91907,0.216343,43.7926,0.15973,3.13462,0.643735,0.258817,8.91964,0.13893,0.106175,
0.0985048,9.01484,5.6184,0.26436,2.20616,1.61263,1.98304,0.000717038,3.25072,1.18738,
1.12245,0.0112152,0.132008,0.905253,0.550612,2.09298,0.0181221,0.773062,0.60107,0.100855,
0.801309,0.217704,0.384865,0.745866,0.491047,0.110654,10.3674,1.3321,0.0326588,0.0661279,
2.30016,0.139909,154.128,1.29056,0.527199,2.14918,0.320066,0.0986599,2.15895,0.0774589,
1.93263,0.365357,0.0909693,4.49367,4.34036,0.831905,1.07075,5.19336,0.000980766,0.0011089,
36.3565,0.805244,0.2195,0.348285,49.5556,1.17846,0.590864,8.34265,0.226226,0.692648,
70.9085,20.4689,1.2666,48.2879,1.10357,0.00818635,1.98225,5.14729,0.109003,0.63399,
16.5002,3.82837,2.47366,0.0473499,1.66952,1.20007,1.04185,0.26444,0.699682,1.04706,
0.266404,0.641558,0.0588524,0.695647,2.37899,0.0444691,0.051764,0.167565,22.1589,0.312992,
1.40518,16.5993,0.257676,0.266844,12.0506,3.72884,0.281452,1.48723,1.7712,0.490671,
0.0814077,1.43864,0.209257,4.46257,1.85356,6.06,0.649321,0.287236,0.12148,8.56347,
3.93544,0.493757,0.449271,7.16678,4.42031,0.0968508,15.9505,7.85078,0.312921,8.88729,
0.186144,9.00165,5.42379,0.609398,0.162146,3.39352,0.274913,0.600504,0.680056,13.6422,
3.38711,0.985073,1.13831,0.0132483,0.532981,0.320141,7.17383,4.45799,0.977738,0.0260384,
2.56749,0.492553,0.56325,0.111241,0.31215,0.280991,0.239049,0.242934,0.160938,0.836774,
0.141587,0.442695,0.602611,0.0178696,2.98452,1.19083,3.9359,0.0371545,0.0221543,0.327675,
71.8388,4.07457,4.27638,1.08803,4.61173,0.255781,5.00021,2.42407,0.0792511,0.560737,
2.89323,4.62615,3.06746,0.195732,30.7423,0.0637762,0.67196,0.20594,0.354013,1.32757,
2.01644,0.673664,39.6271,0.136333,0.735461,2.6609,2.32203,0.359554,3.48326,2.68892,
1.20326,3.24521,1.23358,0.636467,0.487273,0.678193,1.74243,0.253496,0.213532,2.76303,
1.5035,133.898,1.35088,0.643699,0.188453,1.21368,0.865628,1.4673,3.35448,3.8099,
0.29763,0.87859,0.316716,0.268648,1.61699,2.56972,0.0165358,0.562363,0.0627069,4.00414,
0.179796,1.649,1.39619,3.01142,0.105415,0.0115869,0.265134,3.2356,0.273682,0.680383,
1.0924,7.85762,0.66435,0.206709,0.437401,1.4493,3.36761,5.50797,0.329157,1.28063,
1.86363,1.02924,0.129071,46.9981,3.50211,3.36515,2.34808,4.02787,0.226605,3.60918,
1.60814,0.542809,0.774542,0.348672,0.192994,1.24259,0.372711,0.636972,0.556218,1.0723,
7.43587,62.5435,0.739448,0.44333,0.190986,4.01375,0.00073006,0.000626484,1.93044,0.330612,
1.28487,0.548353,4.72,2.46803,0.511408,1.61793,1.03131,0.125777,0.811128,2.90166,
16.7501,0.165323,0.185381,0.644965,0.723238,0.495515,0.0462983,3.05758,3.79113,0.694852,
0.460541,2.14807,0.660447,4.38394,0.0745249,1.45315,1.69616,0.0753974,1.45813,0.504064,
0.487306,0.284046,3.06866,0.243893,0.014036,0.179426,7.42783,1.10656,0.374838,0.547352,
0.458445,0.301159,1.0935,0.987402,2.05551,0.0441642,11.4885,2.74838,4.35901,2.54268,
0.25179,0.213045,0.76656,1.79412,0.0474534,1.08033,0.405854,2.22459,1.55759,44.3584,
0.111214,0.0326652,0.258664,8.64017,0.300211,0.283384,0.0873808,0.170468,4.26208,0.573447,
1.11339,0.207906,1.78909,0.151714,2.51528,0.557935,0.214878,1.81107,0.182116,0.048065,
0.666015,0.590874,0.291371,13.3894,0.105435,0.381634,0.860385,0.662562,0.0496965,0.174266,
0.616734,0.176249,0.223146,1.69724,0.0847719,0.771593,12.8082,0.192903,1.59962,2.88997,
1.26081,0.264573,75.1259,0.347498,0.5512,2.37685,1.99423,1.30337,0.633204,7.13037,
1.67167,6.90002,0.383369,13.3095,4.19208,0.629615,0.290353,0.446007,6.7057,0.384798,
0.927171,0.391815,0.817188,2.46408,0.00678882,1.20564,0.260849,15.0812,3.11009,8.34215,
2.1945,0.549579,0.153559,2.08111,1.95908,1.05601,0.710937,0.588316,0.186,8.32494,
0.381517,5.12449,3.37655,1.46541,3.37297,1.47416,0.0765065,0.0644899,0.00497699,40.6434,
0.531951,0.950537,0.358536,7.59297,0.339475,0.372828,0.818866,0.95364,0.292202,0.344894,
0.671453,0.000313791,1.94407,1.2907,2.08519,0.575821,0.183208,0.191651,4.27239,0.479952,
0.0944665,0.15832,0.252579,8.50911,3.45677,0.0405727,1.02776,7.14806,0.112062,1.05395,
5.87031,0.874486,0.100393,0.187115,0.596024,0.5546,0.824177,11.0979,16.2998,2.7551,
0.244423,0.554915,2.76131,13.1087,0.0221344,0.793958,0.452019,0.216854,1.79206,0.204184,
1.14285,3.14038,0.4669,3.85627,1.96872,0.176346,5.67536,0.300988,0.0695498,1165.13,
4.25883,19.223,0.872173,16.3509,0.140761,14.7384,0.455485,1.53279,5.93957,0.369647,
0.608585,0.104306,2.11528,0.20938,0.0491179,2.43241,1.91678,0.576645,22.5638,0.526518,
1.31756,0.993777,0.192443,85.5347,0.494962,7.6175,0.165454,0.279178,0.173661,0.268601,
0.278216,0.0165234,0.214487,2.8299,29.4923,0.452049,2.14274,0.405561,0.0147664,1.24847,
1.50174,0.655014,2.10702,0.486254,1.5365,2.88067,0.120133,0.456201,0.201931,0.0852895,
2.53431,3.73883,1.48802,16.5805,3.51265,0.0269469,4.87189,55.806,0.328797,0.0310218,
0.248832,0.97506,0.0488658,0.651034,0.392139,0.0257451,3.40409,0.048443,0.464994,3.84662,
1.59922,0.0163559,0.308075,0.514452,0.529067,11.6274,0.168577,0.897188,0.34091,0.481202,
1.33317,0.0500604,0.199184,0.303965,0.0104403,0.0112452,0.355944,5.44197,2864.04,1.19602,
8.00704,0.248489,0.139548,23.2437,1.74503,0.730989,380.711,0.785383,0.918793,0.46086,
0.382104,0.201416,0.501971,1.20634,1.16323,2.8971,0.927528,2.62686,0.363237,4.0694,
0.132567,11.9441,6.78992,0.414878,0.215983,7.84666,0.441001,0.868431,2.82542,0.440522,
0.108805,1.76839,1.16128,0.293268,1.52066,0.307698,2.34595,1.50678,2.7268,0.311542,
0.0152625,0.0853686,0.742638,0.542885,1.84622,0.0638655,0.185098,0.245217,4.21498,0.800511,
0.0605244,45.2429,0.621986,22.0105,0.383685,1.48564,5.47104,1.69609,0.164448,1.49744,
0.0286909,0.327129,0.412718,1.34319,1.01191,180.391,7.57685,0.349755,1.47793,1.68205,
1.12528,1.60619,2.74146,0.0564354,0.0618882,0.714595,0.130044,0.280648,1.92489,39.8048,
2.53135,2.78329,20.7896,0.196611,2.29708,0.322194,4.43774,1.2733,23.1529,0.0144892,
0.289837,0.000996393,0.356105,1.23183,1.35036,5.1921,1.20941,0.911186,0.164679,0.267654,
0.212901,2.4677,8.98118,50.1112,3.67109,79.3007,0.670897,19.6566,0.266294,0.155268,
12.8085,0.00776195,12.3742,7.54904,0.208686,1.70775,0.189255,0.0458164,0.334991,0.150043,
0.0620294,1.0227,0.151449,0.490276,0.160813,2.95836,0.261694,2.66682,0.37586,0.572669,
0.0162843,0.901525,0.166638,12.1364,0.846572,121.432,10.3411,26.0869,16.7326,0.173179,
0.122516,6.86327,0.184689,0.0621631,3.19617,0.521109,2.44002,89.2126,0.650893,0.040558,
0.140145,0.868653,1.24782,0.356477,7.24345,2.78275,0.0843695,0.137917,0.961994,0.56763,
1.03586,1.04297,13.7112,2.23746,0.813221,0.678834,2.16406,0.609225,0.601789,1.73559,
1.25265,1.02692,1.1053,3.15679,1.38701,0.49021,0.190444,0.505718,0.472023,1.42775,
0.617336,0.867173,0.154061,0.0376208,3.86152,0.0529127,3.68481,9.69587,0.211485,0.465037,
0.410006,2.72914,11.233,0.316909,0.832512,0.622562,2.31,0.252734,5.35092,0.166279,
9.80424,0.739109,2.20958,0.815177,0.308114,0.466632,6.13456,0.710378,2.47477,0.274886,
0.100128,0.189223,2.76944,0.299983,0.247392,1.22162,0.40256,0.0491078,0.895198,0.953744,
0.592373,5.21129,0.371589,0.448007,0.141922,3.82741,3.13324,6.707,0.0576395,1.59927,
0.0561031,96.3189,0.137644,3.19426,0.788826,0.590938,0.161693,0.492697,6.83148,9.70359,
1.40307,0.00517494,0.104098,0.562313,0.30979,0.433306,0.0138796,1.27196,0.554029,0.958751,
0.149824,4.03688,0.560703,0.723529,0.192063,1.02957,0.346195,80.8148,0.671106,0.468321,
1.5309,0.872672,0.452015,3.27288,0.378992,4.81424,0.236867,0.767353,0.250782,0.112861,
0.563887,5.62703,0.119605,0.896997,0.324082,0.554102,5.86154,0.351678,0.0189223,0.32533,
4.55067,0.176616,0.112949,0.284853,1.52386,0.371847,3.7794,18.146,0.355297,0.313453,
0.388779,21.6171,3.26569,1.76464,2.64699,0.113974,0.960529,218.377,1.27407,2.90796,
0.109098,0.0228234,1.55152,0.266763,1.00309,14.6126,1.54787,0.619053,0.271635,1.71866,
2.11265,0.0928374,5.04843,4.49977,0.462929,0.863119,0.159676,0.189945,0.728971,0.720681,
0.71914,3.2776,0.624132,0.305943,0.774466,0.207791,0.536308,0.0311638,0.203207,0.0127041,
3.68784,0.380922,0.0362688,0.743076,1.0719,1.19843,0.602698,0.241543,0.0298247,1.72479,
8.53193,2.55114,2.95798,2.7956,1.25311,0.145277,0.33717,2.78305,0.42242,2.72836,
0.267611,3.61841,1.09166,1.77163,0.0845556,0.0592872,6.82568,0.79022,0.0953452,0.0865908,
0.841215,10.3462,0.579855,1.0015,0.555478,111.005,0.147446,4.18333,0.231959,0.189567,
0.875839,0.129225,16.1614,0.359025,8.78873,1.03151,0.691007,0.216632,0.412023,3.38855,
57.7901,1.15411,1.35033,1.03259,0.310396,2.09385,1.3766,0.169281,0.226289,2.26444,
0.299373,2.19675,1.60377,1.80193,0.325154,0.0667434,1.74294,0.640426,8.77701,8.10593,
1.39883,0.626316,0.0414489,1.14659,2.38564,22.6093,0.143665,0.215666,0.174344,0.77538,
0.0174594,0.158431,0.0722249,1.48129,2.1494,0.454588,0.475695,0.452408,0.927801,1.16744,
0.0890727,3.39485,0.387722,2.63897,0.805928,1.28021,4.34054,0.18433,0.0511045,2.54536,
0.0863833,1.83343,0.199992,0.137553,0.319281,14.8433,0.101471,0.622211,0.153766,0.329138,
10.5752,0.178686,0.672741,0.0101238,3.95888,0.182281,0.479666,0.206038,0.965212,8.27147,
3.16385,1.46616,2.06865,0.113903,0.566053,0.229581,2.27756,0.279278,0.556502,3.20194,
0.0160276,0.825031,0.788341,0.225161,1.5149,2.86265,0.162134,2.63305,0.224447,0.393554,
0.0496908,0.139831,0.84038,0.850421,0.153834,0.419921,1.87416,0.924559,0.973909,0.26334,
0.649132,0.425515,6.79205,0.162792,0.714707,0.357772,0.515934,0.215119,1.0509,3.24668,
0.00973926,1.13901,0.359466,0.827197,3.34609,21.6914,0.326687,31.9274,2.17867,0.829467,
0.351594,3.00777,1.53796,3.58624,0.351404,3.62224,0.154481,0.00486911,0.440749,1.96685,
0.271959,3.26434,0.0493379,0.139351,28.0222,0.901887,0.674284,0.458519,2.2989,0.0206417,
0.159988,2.45033,1.26489,0.728703,0.284371,0.578447,0.631468,0.986494,0.522782,0.166852,
0.0521972,1.87129,20.5162,2.04768,0.86027,0.292429,0.932299,1.69996,0.301529,6.70507,
0.513362,0.892894,1.83672,0.651814,1.66747,1.61589,37.0934,0.122892,0.0274753,2.06486,
0.150471,0.199824,0.72278,2.6916,1.67323,2.24049,0.188303,0.106704,0.32533,1.13117,
0.327166,0.431426,0.320886,0.270587,0.0596888,3.29046,0.868163,1.23881,0.751704,3.08653,
0.803338,5.6157,0.379272,0.197071,0.38394,305.311,5.19262,0.348106,0.120142,7.17645,
0.0196456,0.324986,0.0884773,0.795573,0.0508592,2.77328,0.246455,0.267101,6.73263,0.882824,
4.07929,0.180476,5.59729,0.111512,0.62049,13.5821,10.1224,17.9067,0.98576,0.558729,
2.41825,0.0448308,0.321295,0.0630438,0.267683,1.25563,0.0606385,0.106243,8.50423,0.201284,
0.0137999,12.1001,0.768331,0.105531,0.619998,0.976499,6.65243,1.63998,3.19951,2.94654,
0.195957,1.39803,26.3489,0.0618065,2.51087,0.549912,0.0131011,1.74089,0.459098,1.05238,
0.0853261,0.105036,1.31186,0.496421,0.186565,5.44484,126.817,0.280442,72.7543,7.87411,
0.68309,0.00491247,4.38735,15.3548,0.11183,0.314852,0.800565,0.0124417,16.7963,0.343134,
3.23598,0.142628,11.739,2.71398,0.229635,1.81945,0.17528,0.251439,0.489823,0.955713,
3.35058,0.727115,1.55571,0.599732,4.87555,4.51557,0.34347,4.63473,0.0979466,0.326001,
2.54157,1.059,0.335758,1.23247,0.867231,0.575199,6.39421,0.0166187,0.612379,4.30717,
0.377371,0.246272,149.024,0.276339,0.00623451,0.222637,15.6352,0.184562,0.672875,0.396002,
2.1828,0.287131,3.35011,0.516251,1.80226,1.59736,0.255034,112.528,0.863612,0.4323,
0.314958,0.310691,9.2579,1.09621,6.22439,0.630215,218.969,2.75449,0.684213,0.603416,
1.29595,2.86145,1.59047,1.26715,0.0318272,1.64701,3.92524,76.0046,4.93563,0.3229,
0.377702,1.16241,0.984414,0.117391,50.9466,0.258572,3.08836,0.233982,0.248806,0.365152,
1.09168,0.865658,1.16617,0.792285,0.0867485,0.736244,12.1473,0.083207,0.272672,0.531615,
0.881275,5.47464,0.176502,0.187074,0.754957,0.224342,5.02196,0.369986,0.210888,2.08946,
1.21911,0.899686,0.368713,0.147277,1.53429,0.342936,0.53275,0.658684,0.888966,1.40362,
2.60351,0.0923064,0.148637,0.44627,1.20512,0.273122,4.11783,0.936317,0.428352,0.0806135,
12.202,5.49343,21.4478,0.108307,0.0532652,0.653434,0.408916,9.86835,2.61595,0.965474,
1.47379,0.469053,0.0659897,21.2034,0.884495,2.20168,0.286531,9.83942,0.181666,3.0103,
1.02561,15.2005,6.71076,2.04162,0.356248,0.782682,28.8013,0.136166,0.0279819,0.379448,
0.248483,28.0441,0.193318,0.201321,0.0805979,0.276778,1.48984,0.602955,0.178084,0.570928,
33.4292,3.91238,2.93928,0.0446401,3.08158,0.361361,2.94413,0.0489194,0.247095,27.157,
4.45163,3.1558,9.37922,2.29088,0.853766,0.238335,0.246736,0.766329,0.479969,0.295162,
3.43194,1.26172,0.255131,0.00450129,3.47862,0.399986,0.284949,0.69163,2.57687,0.64069,
5.87327,2.2739,0.303392,1.59661,3.05717,0.0591775,34.5028,1.09999,0.115858,0.21696,
0.979173,30.164,0.00899769,0.714526,2.01056,0.892683,1.87839,15.5503,0.013538,0.0660931,
0.226439,3.84041,1.76644,0.688107,3.99606,0.804258,3.11625,0.0848102,22.0509,1.01339,
0.941249,4.36567,0.340574,3.53642,0.837152,0.0802899,6.11984,0.764661,1.62536,0.00882458,
1.88496,0.226326,52.7954,1.98907,1.79992,1.87072,0.253407,0.519325,1.49587,0.277006,
0.709262,5.45722,0.0741436,0.150388,0.402232,8.9575,1.54991,0.119868,0.011262,1.33091,
1.77354,0.995499,0.708651,64.4194,0.469793,41.4401,0.0685873,0.272941,0.708836,2.3887,
0.288874,0.166008,25.5398,0.267223,6.15712,1.5665,15.4729,0.1149,0.0470899,1.21211,
0.496149,0.886087,0.722579,0.702641,1.72975,3.39155,0.50216,0.418291,12.4112,0.532263,
24.1272,1.35407,16.5722,0.62261,1.28533,0.383339,0.576311,1.82578,1.09721,6.37598,
0.640046,4.31567,0.0514122,0.565447,0.0830275,13.8499,0.0658689,0.0375953,0.0611412,0.121301,
1.46816,0.664627,1.53364,0.111039,9.37558,0.413903,10.797,0.354462,1.7341,5.37684,
1.92618,1.5004,0.797173,1.55655,0.0790256,0.104461,50.6722,0.828119,3.42879,1.02986,
0.527079,0.274259,0.547812,0.674806,1.61989,0.801504,0.539964,2.34314,0.959609,0.72082,
5.71124,0.190909,10.2718,0.918007,0.3671,4.50317,5.61565,0.260414,0.148093,1.01666,
0.105059,5.02858,0.215076,1.27896,0.878155,0.345774,2.17049,0.825243,3.41965,0.944915,
0.0607584,0.209591,3.13738,0.729728,1.58914,0.698816,34.74,0.0584928,0.214892,0.876676,
0.94711,0.0780524,2.01216,0.709052,1.32334,0.0248063,0.374797,0.795405,0.304442,0.724479,
0.0494409,0.515206,0.40845,0.296018,0.00558608,4.96673,1.06856,2.24899,0.467946,0.495112,
0.309816,0.627664,1.15069,0.0657962,8.79992,0.273908,0.947637,6.75989,0.382017,2.45167,
0.572363,5.13842,4.29109,0.122297,0.403313,0.698456,0.155424,1.51345,21.8416,0.624313,
0.118949,0.0187424,3.90723,0.70216,0.331504,4.10745,0.391763,5.11857,1.08068,1.84707,
0.262619,4.67098,0.127469,4.10877,10.5905,0.0457757,0.0811549,0.715226,14.6736,0.5682,
0.233612,0.460605,0.312027,0.0591941,0.793568,1.28202,0.920469,1.55747,0.295845,0.799037,
0.0878953,0.532021,0.875709,10.4736,5.20754,3.53745,2.61942,0.194503,1.70323,0.413373,
6.70122,10.242,0.193138,0.0254286,2.59843,0.113512,0.0742494,4.78249,1.18158,0.0275136,
0.298906,3.70174,0.5303,0.988081,6.55183,6.93731,0.161961,0.594249,1.00701,0.624332,
9.99677,1.52741,4.13019,0.650628,1.12924,1.9081,0.287093,0.433404,7.21296,13.6138,
1.79794,3.07474,5.45336,6.25035,3.75425,1.40196,0.00873998,8.01697,0.779161,1.23608,
13.1162,2.61005,0.60203,0.414266,0.373038,0.377513,0.24958,0.757551,2.35968,3.10364,
9.82372,1.6445,0.65813,2.56776,0.110399,0.0304722,0.701113,0.501564,0.507362,0.46431,
0.393804,0.0697149,0.153283,0.202457,23.2137,52.993,4.15791,34.743,6.77693,0.397717,
1.12587,4.10652,0.086404,0.0113696,0.173396,0.568657,0.40231,0.569683,7.35075,0.0709276,
0.213946,3.81277,2.4543,1.56932,1.14667,5.62218,1.85818,0.0475622,0.282259,0.0763638,
0.587346,1.15444,0.160725,1.12377,3.05784,0.12379,1.05745,1.36974,0.10041,0.691807,
21.0255,1.83258,0.344014,0.0518282,1.95984,0.735038,0.727674,0.0374822,6.80126,0.486582,
0.115536,0.0946307,0.206015,5.88686,2.65012,3.08011,2.47621,0.701461,4.53101,0.0135337,
0.995014,0.300885,1.23723,2.07369,4.81229,0.533242,4.74054,0.595616,0.0258184,23.5316,
6.50628,147.569,1.57571,0.189158,0.0469856,0.476739,1.62474,0.908674,0.574946,1.03842,
8.08783,0.955738,1.62878,0.103742,0.59066,0.625414,7.95348,0.176283,7.70486,2.51351,
0.196513,0.682244,0.0263531,3.29219,0.177882,6.4297,0.205634,0.0311965,0.369832,0.246772,
0.00375679,0.208402,0.239468,1.60914,0.528672,0.320212,0.0345057,0.0583474,3.587,0.680129,
1.37875,2.13744,0.00310736,0.34852,4.2775,0.600076,2.30324,2.41378,1.2469,1.47378,
0.831506,3.33138,0.0973175,0.944993,1.25595,0.327329,0.605756,3.53281,0.390281,2.36263,
0.0431025,0.398616,16.4803,0.313429,0.000406766,0.433846,1.04905,0.0349483,0.578351,0.500827,
0.804373,0.0442619,0.101587,0.816919,0.441999,17.0228,11.2891,0.0870134,1.92301,0.950586,
2.35279,0.22025,0.429612,4.7061,2.49787,19.3335,0.135763,0.185642,2.76585,0.717941,
11.5812,3.81817,3.31368,6.41453,0.0971498,3.32446,0.253675,1.66631,4.45937,1.55533,
0.051652,0.429393,1.98522,0.167732,4.69813,0.0589781,0.117914,2.97969,0.160105,4.03858,
0.396478,8.3963,0.0425996,1.70591,2.64437,3.36612,1.42867,8.37583,216.211,0.571529,
0.502518,10.9169,0.257499,0.189302,3.66571,0.434157,304.155,0.0525383,0.0225599,4.37097,
2.07737,0.0772657,0.193271,0.615319,0.283129,0.0413024,0.811006,0.511168,4.12109,1.62549,
0.231642,0.16249,1.11938,0.303591,4.51815,0.432578,0.0724903,0.770576,0.286644,0.0690179,
7.83305,1.48303,0.00903076,0.142119,4.2293,3.96244,0.808469,4.14841,6.7218,0.902339,
1.72879,1.28134,1.29496,5.76908,0.0424606,5.84034,10.2055,0.99298,0.294991,2.60085,
0.230929,0.780822,11.2449,3.34926,2.66353,2.88962,0.150305,4.60919,0.301664,0.583967,
10.8824,0.177013,0.0616545,13.1574,0.397653,8.34109,2.7512,4.03829,2.41074,1.61246,
0.459306,0.614674,0.317375,45.8508,0.364035,0.401988,5.01386,0.252721,6.35841,0.121463,
0.00389367,0.101168,1.33759,12.1923,9.13209,0.52185,2.07379,0.0673379,0.262289,174.579,
0.798681,0.173769,0.171627,1.06541,0.110284,0.828211,0.749317,6.88294,0.418276,0.245064,
1.03605,1.94027,1.61685,4.47393,1.78843,42.9555,0.17891,0.991112,0.228017,0.0611652,
1.74099,0.234455,0.179538,0.36098,0.158189,0.091624,1.91839,6.26141,0.176083,16.0812,
5.98941,1.69985,0.120684,0.0500024,0.268286,0.269853,1.04966,2.21631,0.139106,8.17001,
25.2282,1.98168,1.29915,1.41164,1.02122,0.359155,1.30535,2.31884,5.04729,4.25727,
3.5131,0.971352,0.0588065,362.751,4.88531,0.243794,0.0894653,1.03915,0.109393,0.312626,
0.858537,0.00198834,19.6881,1.47742,0.0522474,0.215372,7.27686,1.35513,14.2601,0.0413048,
0.937721,8.74265,2.55428,0.150722,0.995588,0.380378,0.704819,0.169102,0.0563112,0.396849,
0.0132743,5.88206,5.86321,0.0741227,5.7627,2.26803,0.373642,36.7202,0.349886,0.62514,
0.280614,3.69234,0.631462,0.226502,0.711327,0.807831,0.610346,0.473146,0.120854,0.489624,
0.58105,1.63061,0.336121,0.178289,3.8892,4.54424,0.81451,0.339257,0.0203585,1.06156,
1.35844,0.0343229,0.655998,0.830391,0.115264,0.391659,0.264655,0.639612,0.355013,0.989141,
6.03396,1.04776,0.479582,0.383586,2.96811,4.37638,3.81137,0.226263,0.221849,18.136,
1.20066,1.40892,1.35424,6.89044,3.64623,0.676161,2.35336,0.384456,2.47648,2.69525,
6.80662,0.50127,3.46111,0.422115,6.78489,12.142,1.65443,0.133629,0.495549,42.2494,
1.83143,0.289114,0.971802,0.0609491,1.14904,0.405169,8.75135,0.570044,1.00449,0.123113,
0.477651,0.148777,2.69643,0.00200651,0.0445967,1.15737,0.683007,3.18214,8.7084,0.220939,
1.06151,3.42642,1.20813,0.49558,0.148011,0.787829,0.377722,3.91094,1.41787,1.89558,
3.44677,0.403539,24.7329,0.450239,0.546995,1.0109,1.83426,0.380546,30.3263,0.270933,
0.669812,0.427315,0.555461,0.234828,0.432044,0.688639,3.60061,3.43776,0.283595,2.20857,
0.0227441,3.96054,0.957574,1.35787,0.218441,1.87515,0.114751,0.921188,0.906317,2.60041,
0.250474,0.417274,0.0889313,0.20899,1.89279,0.819848,2.6094,0.531643,3.86382,2.27308,
1.50031,0.317627,0.0770588,0.0529052,0.836393,0.624835,0.88288,0.392864,0.26634,2.94419,
0.054201,0.307135,1.29593,1.24226,7.77169,3.98433,0.358155,0.0265598,0.465845,4.21231,
3.13829,1.23276,0.179437,6.95986,3.49113,6.22427,0.54015,1.09998,0.319455,0.241038,
0.374116,12.0163,0.851976,0.547926,2006.03,0.0220836,4.36193,0.881567,0.442637,0.0837889,
0.36044,0.5785,0.47433,10.4527,0.0230021,0.309429,2.55732,0.406991,0.361172,0.119267,
0.172769,0.0967837,2.23242,0.451581,0.0038963,0.976882,0.262327,0.55112,0.118201,0.910498,
1.41871,0.647611,0.709151,0.146944,4.67394,0.708094,0.178043,1.85687,127.632,0.932519,
3.07779,0.350086,18.1995,0.159155,0.243468,55.7026,0.641024,160.246,0.381786,2.477,
0.114073,0.802119,5.07343,4.95443,4.97457,5.29014,0.557703,0.0972792,0.305824,0.937234,
1.42663,8.72161,60.0468,0.0995105,0.0613047,4.22283,1.10546,0.27126,0.937775,1.0777,
3.03609,0.400041,5.77569,2.39195,0.797719,0.10058,2.22153,13.5152,0.0955943,0.0495331,
1.86677,0.241035,1.01392,1.03413,0.0815705,0.580375,0.609654,0.810618,0.898014,1.94949,
0.0357764,0.163379,1.33356,0.0244705,0.311444,1.83343,5.37315,4.92912,15.017,0.556087,
0.614252,2.28758,2.3179,0.363956,0.76951,0.256413,0.589783,0.232973,0.183836,0.906147,
0.317072,6.27099,2.57035,4.28911,0.656417,4.72339,0.285875,6.04833,0.447032,3.04841,
1.16194,0.536189,20.0906,0.222098,0.605882,0.255328,8.44884,0.345127,0.0911884,5.03712,
1.97248,0.926557,1.21951,0.667582,4.50967,0.0831626,1.84551,0.301505,0.375952,6.1235,
3.29881,1.21785,2.69856,1.04962,0.644981,0.228355,0.585662,1.95503,0.0941143,2.85512,
0.805663,1.84461,0.178506,0.691119,8.58827,1.26925,1.9158,3.85962,8.58586,3.36117,
1.79134,1.34039,0.420284,0.335011,0.0706395,0.192265,0.510024,2.81555,0.702298,1.94932,
1.57534,0.299386,0.363763,0.614827,4.19351,2.51851,1.52974,0.2847,0.705369,2.55952,
0.0364811,26.1556,0.679805,0.233645,0.613012,0.478355,4.18193,0.12945,0.203167,2.45477,
14.2991,6.73287,0.491283,0.32907,0.18641,0.68587,0.754044,1.09708,0.25311,16.1084,
0.322548,7.49399,0.232296,1.19953,0.408686,0.0554661,0.447762,150.951,0.389247,3.83535,
2.48706,0.471693,3.15564,0.220442,1.18488,0.241135,1.15226,0.619427,0.471621,3.05986,
0.188405,0.372882,1.75231,1.06512,1.24796,5.62731,0.0270271,0.0835824,0.664801,0.30045,
0.0397201,2.29095,0.171568,0.299399,0.414152,0.848501,0.406939,1.86622,0.83086,1.58426,
0.892704,0.290067,0.0293563,0.385463,0.74477,1.37597,1.0049,0.0623986,0.0590641,10.2551,
5.12991,0.280159,0.260409,0.984398,3.91795,4.71478,0.596698,5.04425,15.0499,5.92623,
0.126093,251.21,1.31788,0.364049,0.294657,21.0329,3.83626,1.23221,1.57622,0.406504,
0.297126,0.188544,1.21523,0.353101,0.852498,0.0744695,12.2205,0.0626823,0.149571,0.00590908,
0.00025138,0.0185163,0.290959,0.260851,1.07922,0.086085,0.0897206,0.00122009,19.3316,0.0424495,
6.01346,0.0853852,0.0396626,0.815736,0.554052,0.370298,0.704464,0.248006,9.55528,0.121228,
1.07604,0.192047,0.380501,0.17159,0.799369,4.14434,0.283668,0.624456,8.17423,0.577596,
0.643299,8.20596,0.633434,1.98173,0.149079,0.0131753,3.40076,0.278049,0.0144359,2.67587,
0.356581,7.22486,5.18252,0.441353,0.544989,0.304174,1.63865,5.52113,0.839747,1.17393,
0.0040618,0.0749886,2.9789,0.389367,0.284465,0.323782,0.158761,0.880927,2.12499,0.0662361,
13.3195,0.166446,63.8777,0.501366,6.13412,0.135378,0.536594,1.81616,0.539243,0.577383,
0.69273,1.96767,0.375637,0.394681,0.0569933,2.10604,1.22962,2.25871,1.1909,0.107,
0.399735,1.21625,0.204613,0.110643,10.7255,0.698071,0.555052,0.0851493,79.5301,0.126062,
0.166956,11.2128,0.356655,0.152738,0.374202,0.191323,0.351153,2.05862,6.2922,1.93679,
0.129527,0.433215,0.576114,0.67837,1.71295,0.753867,0.179901,0.322813,0.230428,2.86566,
0.54561,1.00508,0.500815,1.24679,1.68682,0.368924,0.0649929,0.0771298,0.560096,0.0557981,
0.231008,1.12523,570.866,0.910893,2.33449,0.371836,2.11334,0.041958,0.0311417,1.26517,
2.49922,0.171836,21.3616,0.171095,1.39585,1.45716,1.56225,3.62628,11.1525,6.15389,
1.20522,0.409488,0.633135,56.4702,14.4956,0.109195,0.345579,0.0187113,0.210145,1.99197,
0.0772456,0.608682,0.339513,0.075924,21.7295,0.0357145,0.542255,1.77993,0.0816097,0.632295,
0.347041,4.53634,1.29571,0.290626,0.021599,0.272329,8.29514,1.76105,0.0632207,4.36567,
1.0718,1.65607,0.180046,0.011688,1.55523,0.121054,0.124322,20.2439,0.145945,0.416793,
1.6651,0.255881,2.74957,29.283,0.39228,2.26671,0.0131432,2.19624,0.601215,0.097598,
0.169075,2.18079,18.6235,3.05977,416.048,52.8932,0.0391987,8.10324,1.64462,0.109037,
2.46928,0.260124,3.08766,12.3156,0.280746,0.666732,0.0606352,0.520719,0.571215,0.231909,
2.23949,0.0811152,0.701147,0.837458,0.0560617,3.12318,0.267504,0.0711289,0.898883,1.69727,
0.188122,1.89877,0.558888,0.14031,0.788316,0.554526,0.12415,0.950664,0.375697,3.34692,
1.57371,0.064739,0.0443029,0.67388,0.0112678,0.363201,8.26779,0.0736897,1.92579,0.391134,
0.357877,0.6371,0.580333,2.77379,16.8799,0.756167,1.07026,0.206746,1.04999,0.0902422,
6.15679,2.50503,3.30116,0.336859,7.81665,0.344939,1.91821,0.0346502,4.33796,0.0207271,
4.48397,0.823678,0.0890072,7.28649,21.7327,0.102944,0.216947,5.66694,0.197944,9.179,
0.205889,0.824132,0.456233,1.33396,0.316687,0.37293,0.0999279,4.74939,0.878221,1.68913,
17.8935,0.552103,0.619866,2.5636,1.90847,0.419034,0.0541967,0.55671,0.501357,7.87128,
0.617415,0.244214,0.567645,0.923061,0.124815,0.489429,1.48386,0.427545,0.2751,4.4653,
0.293112,0.683033,0.441292,1.36988,0.0749747,1.41668,14.9647,0.195926,0.784036,0.716817,
5.61665,0.660351,5.91705,0.362639,0.218282,1.13028,1.5232,0.307741,193.304,0.0341308,
0.182283,0.607195,0.303131,1.2031,23.585,0.555362,39.5638,1.2884,2.50631,0.247237,
0.695363,0.0215214,1.83718,3.65721,1.53584,2.8753,0.680483,1.23452,37.3877,16.8158,
0.068979,4.69441,0.548604,19.3391,0.159607,1.31167,0.96153,3.69359,7.11725,0.945774,
5.03451,0.0738813,29.0879,0.127745,1.74099,12.6338,0.967734,1.59066,1.0075,0.351906,
7.31708,0.0183519,0.397059,1.19059,4.2936,73.2545,0.491276,0.347109,1.18023,0.449084,
0.277009,1.66444,0.217742,1.58089,1.39588,0.490885,0.319133,0.177452,0.202828,0.180554,
2.09113,0.0557598,0.293909,1.83633,0.203578,16.5278,1.40396,2.40372,1.30093,0.19309,
0.0472814,0.869032,0.221527,0.506119,0.107856,0.0508971,0.483527,0.79763,0.454724,28.5187,
4.86495,1.30309,1.4735,0.0627609,0.316718,0.317033,0.662558,1.05517,0.696335,1.52062,
2.43759,0.186033,2.06145,0.0176573,6.16921,9.6257,31.7541,0.874507,1.65082,1.17367,
2.02363,2.15618,0.104321,11.2352,0.105893,0.244605,119.347,0.779808,2.2009,0.441799,
0.699095,1.16182,31.6817,0.103422,1.58775,0.279633,0.529551,0.107013,3.84505,5.06704,
2.72805,1.10793,0.0441762,0.780049,1.21152,12.0078,0.572151,1.09456,0.68095,0.0796678,
0.166672,0.171461,3.64304,0.323241,0.0989234,11.8647,0.873404,0.09227,0.604648,0.274348,
0.679241,6.9518,4.44832,0.614864,0.00913839,0.841185,1.81077,0.554983,1.36526,0.871441,
0.300792,0.541817,0.0909491,0.386205,7.00267,1.90608,0.285686,0.366971,0.3144,2.08746,
0.544603,0.666655,7.15485,0.232244,2.30451,0.00767071,0.154474,0.28734,0.101823,1.16223,
0.865346,1.06954,0.765925,0.46424,0.00537486,0.801325,5.85268,1.8689,8.08802,0.833644,
0.227799,0.179505,8.51112,0.382938,0.828794,3.4457,0.0231309,2.70834,0.11539,0.3598,
0.783943,0.906054,2.60079,0.520969,2.47957,0.823017,0.542014,8.94449,2.69872,0.855583,
0.833401,0.32832,0.0780471,1194.06,1.54045,0.0845261,0.799262,0.931428,3.1179,0.555428,
0.0405683,0.0142177,1.16579,20.4439,0.414291,0.0907608,2.73886,0.468392,5.54215,7.19913,
1.69611,0.467449,0.606201,0.639575,2.57821,0.184219,15.6478,0.160482,0.0939494,2.08525,
1.73059,1.27963,0.0111308,2.72039,1.27616,1.63834,5.27486,0.103399,0.2125,1.58194,
0.881498,0.278369,1.71257,0.106296,0.226302,0.01866,0.22456,142.899,0.515948,0.0820819,
6.77896,0.0616861,0.686613,0.386161,0.852438,0.232349,0.841786,0.701641,0.516118,1.29324,
0.187645,0.065832,0.24323,0.204666,4.4904,4.45682,5.63172,2.02799,20.4019,0.0748055,
0.492974,0.758005,0.41886,0.0536847,1.21922,1.03549,0.0749663,3.71921,1.01243,0.731835,
8.7271,0.662705,0.975162,0.485994,2.81365,0.055813,1.215,0.328923,0.911099,163.089,
8.0077,2.08239,0.0613026,0.132771,10.0344,9.19428,80.4307,3.23632,1.4044,16.0214,
6.29897,0.0149736,0.625989,0.240279,0.0707567,0.0357752,3.10469,0.160312,5.1604,0.437891,
1.45152,2.86689,3.3408,0.192601,0.15211,1.12975,0.27999,2.57175,5.69302,3.04081,
2.50409,2.93802,0.846711,3.87967,10.3605,0.629503,2.38755,9.01501,0.255663,0.503211,
5.39944,0.119021,0.543419,0.359354,0.450943,0.755699,0.436027,0.147437,1.50346,0.223757,
0.830504,0.338624,0.00032871,0.369886,0.773044,0.152576,7.3303,2.40871,9.57627,2.81035,
0.948288,1.70625,1.03662,0.0480012,0.832207,0.777155,0.790359,0.279486,0.558858,2.26684,
1.45374,0.314587,5.29058,0.0417075,1.16176,0.237816,0.921584,13.7343,0.500318,0.185249,
0.156414,6.7551,0.754659,0.156884,0.213047,33.7404,0.383649,0.100824,2.13621,0.26248,
6.49499,0.295839,10.2858,0.667282,0.387949,0.622785,14.4444,3.7334,1.83699,0.447686,
1.0294,0.415206,1.42875,0.606883,0.514116,0.243394,1.5565,10.0885,0.173532,0.0379528,
0.103516,0.415419,12.4017,1.19993,0.818587,0.140872,1.09057,3.90197,0.283495,0.350092,
0.0666636,0.1434,1.07955,0.00383824,1.23445,7.2749,0.634971,0.994999,2.10361,0.129299,
8.40825,0.322328,0.740861,0.99451,2.0425,5.45133,2.96403,0.48843,3.17175,22.5271,
0.589807,8.41063,0.355264,0.457472,0.843218,3.48386,0.844485,0.0791305,1.44172,2.75821,
0.52103,2.05765,10.1839,24.8143,2.10723,0.916596,5.34049,0.160773,0.0774736,1.17151,
0.353523,0.0011471,5.94579,2.96073,1.00029,1.19993,1.54827,0.417855,37.4132,0.675798,
0.357465,0.541083,0.472031,1.28522,2.63737,6.11002,0.602572,0.312357,30.2468,0.0627793,
0.0474484,0.467159,3.06121,46.6872,0.407466,0.858563,0.856784,0.20907,1.73958,1.2275,
3.22829,92.7721,1.23489,1.72233,2.81579,0.155224,0.315505,0.623718,0.818141,0.283897,
6.89248,3.5111,1.59081,0.291563,0.60548,0.610108,0.142675,4.93107,1.99202,0.114918,
11.1709,2.67006,0.781868,2.11975,2.43405,3.95389,0.257747,0.295569,0.0324003,10.4132,
5.61051,4.21024,9.2161,0.74465,0.877784,1.85691,1.45086,3.32393,0.127003,0.141398,
0.0583219,0.0273222,21.8161,2.19998,0.34307,0.523293,0.15925,0.658468,0.27509,5.83783,
1.09162,0.186519,1.47892,0.0614778,8.61905,0.536914,7.45398,0.150978,1.63448,12.993,
0.0766507,0.964499,2.8756,0.00611313,0.0236456,0.351986,1.92555,1.64864,0.100468,4.31122,
3.73214,0.175041,5.678,2.97594,8.37933,0.171645,0.179908,0.0685098,1.35129,0.627223,
18.4111,0.206576,1.35363,1.23736,0.305872,0.952932,0.00722817,0.175236,1.88798,1.70268,
0.110856,3.00611,0.234891,7.53763,3.14856,0.274806,0.212166,0.812565,10.4612,0.378529,
0.425859,2.43186,0.802266,0.230822,0.941465,0.564199,0.534607,2.10074,0.776217,0.0236508,
0.156589,0.656756,0.244306,3.05032,0.0494216,0.834413,0.404574,0.057575,1.78239,0.031823,
2.36803,3.45329,3.85298,30.4999,2.01672,1.33608,0.239153,9.9513,0.118899,0.151386,
0.262133,0.729013,8.24779,2.36832,1.87292,0.660434,0.153619,0.0901635,0.171395,1.50909,
0.119544,0.41237,0.093247,0.457749,0.12206,0.155308,5.57258,0.704439,0.23857,1.03778,
0.821062,34.2558,0.483328,0.402252,15.7434,0.0816561,19.2275,0.177762,0.0148519,0.0786074,
0.413823,0.288472,1.04439,0.270271,0.0101582,0.291363,1.90946,0.168088,0.466342,5.93259,
3.82874,0.794452,0.227392,10.8881,5.00531,0.437825,0.0831459,2.23811,3.69282,0.383181,
0.345127,0.391279,0.344586,1.6845,1.5741,0.27055,2.68762,1.32261,0.614737,2.98866,
1.98331,2.76256,0.0455616,0.309327,0.0230311,0.0569181,0.961378,2.19312,0.252702,8.50883,
1.27209,0.0576641,0.561333,4.05555,656.951,0.302771,0.186391,0.0819848,0.00909997,0.00882974,
0.571766,0.363864,0.410964,2.03549,84.5649,0.00193359,26.3871,2.55104,1.33628,0.544809,
0.978298,0.408654,0.176299,1.22027,1.28847,0.210818,1.62743,0.155531,12.823,8.13624,
0.0665964,0.998617,35.0874,0.766132,0.512493,33.2651,2.58604,1.10219,0.0597454,2.75528,
1.15288,0.757331,0.0768398,10.5813,0.20525,0.0679456,10.9855,0.169431,4.18594,1.00856,
1.10427,0.51083,6.87438,2.5398,126.233,0.841773,25.0226,1.58208,1.66524,8.12035,
1.08083,2.43015,0.696871,0.987257,0.254765,4.75619,0.89824,0.00425273,0.617104,1.1921,
2.84084,0.0212111,0.0740573,5.25601,17.1925,0.325027,14.0644,6.32245,0.69164,2.93397,
0.642371,0.036453,0.170246,0.414209,3.28254,0.162918,4.67379,2.72555,4.00035,0.8998,
1.72704,0.5514,0.313752,0.14006,19.4009,0.877998,0.00403938,0.766611,0.896817,0.629828,
0.0769728,0.357436,0.699028,0.166766,0.171741,0.583793,0.685339,0.112134,0.358711,9.8767,
7.96059,2.46436,24.7177,0.0735227,0.0850331,2.71981,0.271466,15.1758,0.961417,0.075965,
0.736399,0.237964,0.783347,2.54732,0.48669,0.668322,0.317727,0.497171,13.6128,3.47313,
3.73921,0.0266897,0.110765,0.326914,0.206016,0.340172,1.97749,1.59652,0.582374,0.0176289,
1.1573,0.394007,2.77925,1.01795,0.565547,5.47771,0.398821,1.60608,3.70733,5.7838,
2.45504,0.345855,0.0966279,0.265226,0.0536514,0.756468,1.90399,0.425321,5.31997,1.47697,
0.15228,1.80637,1.70737,0.313473,46.6693,6.20023,1.10419,1.82415,0.985398,0.000938516,
2.02386,0.133716,0.396099,0.778558,1.89496,2.34104,0.461418,0.0297381,0.562478,0.185612,
8.53801,0.160474,0.769091,0.0180926,0.570008,0.989704,0.826449,0.109316,7.20802,0.484998,
2.66126,0.0510904,0.0606816,0.654096,0.414985,0.0453737,0.404035,9.38096,2.38485,6.30985,
9.53508,0.696808,0.0253434,0.27206,18.5833,2.20588,859.086,0.384381,2.67364,0.560378,
0.84224,1.732,1.10025,0.00242526,1.92256,160.944,1.00189,0.218208,0.104255,0.670971,
1.1595,6.1061,0.853472,1.56851,0.401219,4.82262,2.01598,1.62111,2.82256,0.694591,
1.00617,1.88255,10.6705,1.14071,17.1943,6.40756,0.379335,16.8349,0.21725,0.0804379,
0.462995,2.12421,2.76193,13.9001,2.15687,0.743154,12.6805,0.319636,1.83056,0.0474298,
2.29618,0.323016,12.5617,0.277882,15.1551,0.302168,0.104506,1.59369,13.4152,6.79708,
0.12011,0.802618,1.18262,0.0518015,0.0777793,0.985942,15.1417,0.556529,0.821777,0.156256,
0.805198,5.51365,6.46082,0.30656,3.61723,1.30131,2.5142,2.52735,7.59968,0.666588,
3.53687,1.46242,2.30249,2.47445,7.55014,1.7976,0.0246201,0.0161191,0.445775,29.4769,
8.55087,0.763618,0.722116,0.835862,0.974539,1.03076,0.053817,0.796861,29.1313,1.05936,
1.56979,0.723557,0.636405,0.986741,2.42511,0.283956,0.165666,0.834589,0.0176158,0.0661137,
22.1134,4.11037,2.08526,1.93271,1.16456,1.34444,0.531764,1.31999,1.46432,2.49375,
1.18137,1.02299,0.260303,0.0608331,0.0621942,3.09619,1.38394,0.125033,0.332673,1.23554,
1.911,17.4293,0.0713736,0.138939,0.827318,4.01501,0.555785,1.69958,0.420352,0.607165,
2.48242,0.35868,0.293761,0.735583,0.0136886,4.97017,0.0948364,0.570134,0.750435,2.43457,
0.167641,0.0698185,0.365926,0.57633,0.142213,0.502897,0.217077,2.91437,0.870659,0.823165,
0.514971,0.233684,0.690512,0.719554,0.478042,27.4235,0.355069,2.90321,1.49636,1.49784,
0.219717,0.551167,19.9241,0.750523,6.27562,35.9305,0.422158,112.084,0.52091,3.89012,
2.34475,1.05014,8.05872,0.0505862,57.7409,0.0516508,0.642624,0.199736,4.37015,23.1461,
1.92963,0.248363,0.190935,0.164096,1.96272,1.04639,0.132274,0.0145349,0.432116,3.07413,
1.62198,1.04407,0.201801,1.36867,0.0423122,0.0775705,1.24788,0.523742,0.0708219,0.00298822,
0.23239,3.82248,1.0662,0.124654,6.24241,1.00864,0.194356,0.397384,2.49846,0.0339778,
0.340397,0.693657,0.307492,0.772232,1.38941,66.2491,0.0491693,2.77917,0.00477616,0.55275,
1.0605,1.66629,30.9182,2.70018,0.353992,0.0205403,4.90734,8.73498,0.580941,12.7948,
9.1775,1.45848,2.64989,0.772212,2.84611,1.5157,0.0410906,32.5893,58.0202,3.33042,
0.0136725,0.318742,0.296994,0.333868,2.77262,7.65059,0.315046,4.01856,1.71444,0.324347,
0.256253,0.269321,21.4798,0.22224,0.0190985,0.297196,0.256018,6.0461,0.183993,1.57472,
3.75377,0.0956817,0.357599,1.16295,1.18998,0.0786554,0.262415,1.46525,0.0561456,0.243596,
0.662986,0.0718234,0.860881,2.09752,0.483764,0.333819,1.35782,1.54858,0.117865,0.361289,
14.5361,0.471893,1.03053,8.28584,1.14372,1.13369,0.178999,3.92949,0.707868,0.469486,
0.780985,0.332806,0.728607,3.25873,6.23181,0.0645345,6.63554,0.122986,2.07236,18.241,
0.463157,0.169311,0.0336713,6.15567,7.08705,0.572732,0.174925,0.894354,0.066366,0.355795,
4.1673,0.0200574,1.69102,0.537645,11.7803,0.291824,67.0404,0.108335,0.0870622,0.675142,
0.765831,1.16141,2.41883,22.5414,0.522409,1.4082,0.0336753,0.322762,2.69282,2.55959,
0.260274,0.127688,11.8066,0.320239,0.0185354,4.05235,1.89435,0.202593,0.455875,2.83112,
0.832326,0.202454,3.28455,0.186149,1.21963,2.28368,0.670704,1.16135,4.9075,0.994476,
0.0419372,0.428769,0.137133,3.22558,0.367354,0.944337,0.626036,0.440469,3.87392,0.212632,
0.105975,0.0642407,0.426278,0.0452502,0.450386,0.470373,6.38546,0.0540561,1.0706,0.269057,
4.29468,0.0716911,0.664217,1.46715,0.297404,0.0488374,0.506598,2.13088,1.48344,0.263228,
0.313041,1.86188,1.18271,0.597573,0.802406,8.20833,24.9582,12.4769,0.290357,3.15651,
0.140894,0.497159,5.4564,0.791602,0.620458,0.242138,5.24307,0.386037,0.335783,0.628484,
1.09196,0.128754,0.874368,0.025426,2.93415,3.06863,0.0775181,0.167937,0.867614,2.25328,
0.581867,3.23053,0.622137,0.0143301,0.237763,12.1465,10.4344,0.197599,5.75601,0.193919,
192.842,0.0228228,1.0974,5.26163,0.884559,0.0123336,0.0892716,0.517382,0.413349,0.52456,
3.98163,8.93442,0.919152,0.440156,14.7701,0.377221,0.139126,0.030718,0.780813,1.61265,
2.75498,8.61122,0.709286,0.215804,11.068,1.85829,0.141923,4.97217,6.97626,0.0236094,
0.0479308,6.67762,0.0478195,1.39115,2.54809,1.11159,1.48622,4.97376,30.2374,85.55,
0.277422,3.34379,7.95036,3.04865,0.154513,4.8029,0.101494,0.359453,6.76095,1.2331,
36.2784,1.61822,0.871992,0.65031,5.95776,0.665581,0.138376,0.0267102,0.368846,0.0373495,
0.0519472,0.474069,12.024,0.10639,0.00563767,1.85513,1.8567,1.53287,1.01884,1.64739,
1.47165,3.58691,0.738699,1.00354,1.2502,1.43434,0.564409,2.08159,15.8541,0.355866,
0.392084,10.6959,34.0533,4.54858,0.487881,4.86117,0.350397,0.888781,6.53906,1.30608,
1.06432,15.8551,102.133,0.82776,0.0596276,1029.19,0.209132,2.6518,1.52777,2.63928,
0.632092,0.349711,1.12796,9.38427,4.93866,0.193619,1.03243,0.302352,8.86561,0.850869,
1.11458,0.261231,0.64362,1.01497,0.0855468,3.76243,0.5744,0.535983,0.432588,0.357645,
0.0174527,9.43527,0.28244,0.0110302,0.604461,0.394552,0.0104123,1.40764,0.0874541,1.61817,
0.544614,0.938827,29.2019,79.81,0.685299,4.01788,0.181548,0.0203625,0.0971101,0.0910793,
0.939991,1.78396,0.42769,56.565,0.266149,0.641368,3.4268,1.60644,4.39999,0.15432,
33.2304,5.23786,0.0729484,0.249101,5.92848,0.845922,1.0507,6.74362,0.142936,1.59718,
1.03126,1.00431,0.207822,0.925993,0.964896,1.60669,0.470789,2.18142,1.80089,0.734671,
4.01581,0.242558,0.162845,0.178315,0.223978,0.576374,1.34613,0.0243004,0.0755951,0.719205,
0.189104,0.0536509,0.413833,0.303071,0.343332,0.228347,2.98601,5.26127,0.104999,12.5952,
0.917877,1.69345,0.79019,2.28301,0.219985,0.0365078,0.551636,1.13302,2.76051,0.0894344,
0.0554949,1.24716,0.399774,0.244382,3.03651,0.985465,1.50385,0.5763,1.11121,2.26617,
6.61643,2.71801,3.23908,0.243136,0.0397766,0.0911085,0.668244,4.07983,26.0928,1.06545,
2.77716,0.814801,0.267131,0.300854,0.259761,0.698122,0.37119,1.50702,0.0440164,0.0813123,
2.44915,0.106022,1.87984,0.0762366,0.432695,0.777819,1.4157,0.00303771,8.25931,0.226131,
2.31128,3.27844,112.892,0.95757,0.0306884,0.0336385,1.46671,0.775032,5.673,1.29063,
0.0540042,1.50408,0.111096,0.365436,10.0215,0.463919,2.829,0.256842,0.0165709,3.95349,
0.403531,2.74099,14.8,0.0305451,4.95855,0.342456,0.901213,0.800115,0.348661,0.632308,
2.06127,0.0389458,0.260058,1.99124,1.15717,0.314621,2.44859,0.250322,2.74508,1.36316,
4.74254,4.12518,0.315724,34.9042,0.14245,0.211467,0.420747,10.7435,0.660107,0.459756,
2.5673,2.96254,0.129203,1.96971,3.74942,0.000111968,0.00883953,0.438235,0.800564,0.366973,
3.10955,0.226425,0.451735,0.0339527,11.3172,15.9102,0.381649,1.76196,0.188233,0.0862604,
0.372895,0.0387093,11.4881,1.20451,0.0194778,0.0753358,3.40972,0.466688,0.0136542,0.284123,
2.20055,2.82322,0.0416349,5.4708,0.769805,5.53014,5.47769,0.804206,0.235677,0.475429,
3.54238,0.0187885,1.1673,0.171668,0.0543902,0.89259,0.118294,0.504289,0.219247,0.375248,
0.750291,0.913175,0.460726,0.576665,0.123728,0.509786,0.815995,13.461,2.50086,0.872694,
0.207556,0.771834,0.344409,0.274501,0.456843,3.03372,0.118597,0.247213,0.330988,0.443518,
1.24511,0.0973033,0.489512,0.202746,0.319057,0.636959,2.1579,0.565024,3.90312,13.6502,
2.19868,0.365988,0.731655,0.0875835,2.19363,1.25989,0.762158,0.249498,0.999997,0.260366,
2.52578,2.55499,2.23696,0.0514437,0.0138618,0.0889654,4.59601,0.136921,0.405081,0.135032,
0.809013,13.7345,0.27074,6.00286,0.138053,0.93146,0.386399,5.68838,15.8258,0.147427,
3.67833,1.74065,0.707989,0.34134,2.90017,0.202851,8.15774,0.298447,0.628579,0.698877,
0.857135,0.199344,0.236046,0.272148,0.280925,0.259414,0.438218,0.100549,0.513635,1.78105,
0.275365,6.73257,1.39196,0.82905,2.77492,2.87301,0.039358,0.0907941,1.54548,649.2,
0.277488,0.739351,1.73095,2.13061,2.82587,0.702985,10.5133,1.78129,2.27006,0.468452,
0.148271,0.276245,1.05521,0.499104,0.83434,3.86931,1.35664,5.10006,12.6043,0.016382,
0.995645,0.195525,8.48723,0.187072,1.91477,1.78148,27.4786,2.42848,3.04656,1.36597,
2.41283,0.0417242,0.0998522,0.615754,2.78082,6.49426,7.41752,1.92012,1.10668,1.43518,
0.0650705,2.23925,7.10157,1.44719,0.110108,0.55428,0.717127,2.4004,0.301484,0.562922,
2.67974,3.85598,1.24827,1.73148,0.0144285,0.367474,0.478154,74.8526,0.0574308,0.159389,
1.30581,3.59503,0.220025,2.17465,0.270842,102.899,1.31308,0.147407,1.85079,0.20231,
3.15399,2.73078,12.2324,1.83547,0.573247,0.0507179,0.0945974,6.48053,3.40273,0.489176,
0.348045,1.1037,0.209648,8.3514,0.286604,0.232738,0.235413,1.40905,0.218859,0.333692,
3.28133,4.04555,0.101239,0.0160824,1.04324,0.460352,0.00972848,0.184497,0.869603,1.96069,
0.509853,0.373941,0.74936,0.390263,0.0121798,7.288,0.506115,0.109855,3.03193,0.196464,
0.800596,0.083399,2.78618,1.93809,0.00564545,0.0339391,11.1723,0.244889,1.68872,0.138974,
0.897455,0.746059,45.9868,1.42864,0.807271,0.973459,0.00507675,0.847026,2.23377,0.891868,
0.231605,0.114873,4.38395,1.94125,0.663698,4.9419,1.24746,4.22917,42.229,0.534486,
0.0316923,0.743257,0.783918,3.52493,0.186993,0.806202,4.74484,0.111843,2.23368,0.917815,
0.296885,0.288461,0.0137186,0.27179,7.71487,0.863618,3.25028,8.32746,0.0276505,0.934622,
0.627355,0.278048,1.58353,0.319224,22.7795,0.10684,0.136669,1.08397,18.5891,0.116737,
32.3586,252.638,1.24579,0.71177,3.45288,3.16835,28.5458,1.60699,9.33384,1.94966,
0.202434,0.189778,30.0447,0.224067,0.642275,5.87404,2.25247,0.263577,3.05555,2.6984,
2.94917,0.24173,0.0241109,0.657198,0.857216,170.413,1.05535,1.57508,1.06357,0.893395,
3.01871,0.964491,0.882236,0.532171,0.0142012,0.40546,0.19738,80.6662,0.00321311,0.108033,
1.86008,0.207484,0.360617,1.64905,0.590681,2.47904,0.991698,0.155423,0.00310101,0.423281,
11.32,3.01826,1.09602,20.9681,0.254712,0.0843106,18.5233,3.41736,2.51273,0.899728,
0.408282,0.973963,0.0657641,5.0113,14.7337,0.0824203,0.198388,0.137227,0.0729857,0.203397,
0.289016,2.88425,0.552836,1.08724,0.671187,4.00146,0.397862,0.00785973,201.85,0.404828,
0.441754,10.6398,0.115857,11.2856,6.70045,0.465821,0.0240335,4.60399,0.17362,2.96775,
0.493069,0.853659,0.406131,0.674047,0.487376,0.31926,0.980457,1.09253,0.607603,1.38746,
2.83618,1.84065,0.572584,0.186017,0.300656,5.51765,0.0180424,1.22686,6.04342,0.0147723,
12.8277,0.251067,14.6435,0.0582012,0.166994,4.24924,0.617977,0.20233,1.81048,1.27327,
75.566,0.0647466,0.119937,0.387416,0.909944,0.829174,1.25923,0.0722562,0.0755153,0.0360999,
2.02801,5.1808,2.27953,0.124095,0.0464815,0.0108611,0.00618864,0.0667079,1.29806,6.52436,
0.0840731,1.01823,0.119184,0.0362219,1.34954,0.346716,6.14895,0.0543875,0.813595,1.09771,
1.68287,0.780276,1.50754,3.3702,3.64495,0.182165,0.371534,0.607325,0.29336,0.5409,
0.723001,54.0606,0.295355,0.219053,0.10881,0.384402,0.236742,0.116805,0.536719,4.43012,
0.0148281,0.789242,0.549234,0.138813,0.938868,0.0289395,0.655112,0.590882,0.0874769,16.7503,
0.00262861,2.77713,0.649793,1.52954,1.12558,0.293248,4.26497,7.33555,1.86468,0.0992607,
0.351198,0.169125,0.0847794,1.08107,0.510334,0.219819,7.14097,1.29323,0.417564,0.344158,
0.694981,0.452245,3.14876,5.44701,0.829346,0.40728,7.78819,18.8124,2.56378,0.00437213,
8.46444,2.61075,2.86623,0.453655,0.584205,0.462527,1.36273,0.287136,0.29295,0.393834,
0.478978,1.07399,0.814207,0.710342,0.138779,6.73723,1.74664,0.0395466,0.838327,0.0237438,
0.426806,33.333,0.511414,0.136024,4.48134,7.11829,0.74641,2.47056,4.84173,0.259409,
2.54489,2.70677,0.00834509,0.949173,0.123522,0.609379,7.98952,2.5876,1.83583,0.172098,
0.0827587,0.0611453,2.40176,1.19078,0.944142,7.04024,0.774893,0.235195,13.7627,0.00300109,
0.275302,0.331519,39.808,1.45982,0.624261,3.87413,0.958158,9.32253,1.12428,0.540477,
0.15906,0.421572,0.169795,0.171078,6.32623,0.357464,1.24365,3.13591,0.0627135,0.351165,
29.705,0.159743,0.482165,2.09786,2.59829,8.88149,1.31594,0.276185,0.13522,1.04759,
0.281623,0.534684,4.91359,0.253591,0.0391108,0.3401,0.059802,1.1588,0.224715,1.51087,
152.266,0.501117,729.649,0.163715,1.02363,6.25886,0.734657,0.163708,1.7271,0.983337,
0.723586,1.53392,2.03529,4.56806,0.492786,0.745739,2.65364,0.00249662,2.26603,8.38924,
1.06096,1413.86,0.365448,0.6038,0.252842,0.450348,2.14572,0.358924,15.7822,14.4986,
21.1212,14.1677,0.399171,20.4961,0.10544,6.75988,4.50237,1.17609,0.0547647,0.911507,
0.137401,0.935326,0.187434,5.10031,0.511435,1.06479,0.424892,0.150523,1.07841,0.0752466,
0.0614363,0.134839,0.07473,0.500573,1.07949,0.38621,2.33797,0.34743,1.39348,1.83883,
0.267404,1.19407,1.44347,1.12025,1.02343,2.53135,0.73135,0.556875,0.440378,0.945405,
13.2291,0.805167,0.0701877,0.122526,0.461915,0.711253,1.90096,1.98666,1.35629,0.307933,
3.17787,1.86941,0.584492,6.11542,0.074517,228.617,0.212553,3.91322,0.341757,4.36779,
0.891763,0.977147,0.638914,0.164488,0.122978,0.00426497,10.6935,1.25562,0.569189,0.319587,
0.143943,0.447484,2.95683,0.243227,0.773325,0.144636,1.90071,0.194218,5.17134,0.399026,
0.718833,1.5876,0.0273985,6.85125,0.974908,0.107362,6.60587,2.52206,14.7592,0.189269,
1.22225,0.725918,2.29068,0.0407237,1.46159,5.56913,0.0454352,1.08984,0.754115,0.707879,
5.00243,1.40827,3.85536,1.48052,5.39519,0.375945,3.24676,1.08089,0.849624,1.61224,
7.84429,67.6345,0.399961,12.6603,6.08316,6.01289,0.0500775,2.76782,1.43328,0.00605605,
23.508,0.261289,0.748103,1.94225,0.334169,0.119032,1.11701,0.427707,1.92292,0.058308,
3.59138,1.05333,1.91792,1.45989,0.222447,1.08922,22.5152,0.0162344,0.14254,0.740685,
1.76614,0.0498902,0.706826,0.0176381,1084.82,0.43624,7.54609,0.0494348,0.118133,0.961919,
0.0562656,0.0847369,3.0488,0.973629,3.28251,0.0760369,1.68805,0.504513,0.616365,0.500135,
0.66702,0.270974,16.2267,0.152777,7.12157,0.164551,2.24055,5.11365,0.18825,6.35018,
0.422287,5.79683,14.2416,3.51417,7.22414,14.0429,0.160913,3.29143,0.00347064,0.336563,
0.431598,0.0602428,0.51557,0.13305,1.2996,0.194972,0.238142,0.338718,1.11708,1.58494,
1.71675,0.0310715,8.90533,1.39278,0.197178,3.56212,3.31861,11.436,1.71054,211.993,
3.71356,0.0220695,5.59964,2.67211,4.24446,2.76055,2.01409,0.00717149,1.10388,2.05751,
0.351092,10.6669,3.01068,1.8394,0.0628595,0.553771,6.66636,0.34653,1.9258,0.72547,
23.293,0.508591,0.842569,6.11973,0.0195326,1.96519,1.8757,3.89464,1.45562,0.495284,
3.7939,0.704059,0.554144,1.87443,0.249477,0.26759,0.727316,16.3763,0.2804,0.0474784,
1.65009,1.03713,57.4005,0.691326,0.283212,0.0502738,5.48013,0.145992,0.452678,1.10088,
1.36155,0.390804,24.0354,0.133345,0.215992,94.6721,4.66271,8.4591,3.67517,0.796497,
0.336353,1.46701,23.4413,1.91378,0.426995,0.205954,17.3199,3.75059,0.150322,0.219633,
5.87889,3.95219,2.83532,5.19235,0.335138,0.0345568,9.95569,0.161391,0.194696,0.322034,
2.36219,3.78779,1.27895,2.00525,24.5861,3.84512,1.92538,3.69593,2.29354,0.893908,
0.378173,0.031086,0.169517,0.3236,2.30814,0.876605,0.777085,1.85325,0.425232,1.49168,
8.48941,0.235332,0.746155,1.813,0.082822,2.8007,2.22166,0.015873,13.9294,10.7896,
0.353509,1.80348,2.48702,9.40996,0.550343,2.11044,2.39289,0.102971,0.966819,0.771274,
1.43309,5.26905,0.895857,3.56192,0.148097,0.297229,0.411127,1.47879,25.3142,1.75196,
0.342635,6.0533,8.48172,2.87723,1.09182,0.00616155,1.01936,0.363449,0.0222824,0.819415,
0.257336,0.400412,0.198414,1.13493e-05,0.274153,1.23192,2.11059,0.00376494,2.06037,0.299455,
0.785863,0.454088,0.130848,0.0195183,0.174063,0.337612,0.334281,0.86028,13.9329,0.287095,
0.20589,0.260423,0.138285,0.107557,0.0230827,2.10385,0.115495,1.1433,0.0306566,0.144793,
0.0833308,0.311555,0.758887,0.331646,0.311577,2.3012,7.14759,0.0043894,2.35855,1.30348,
0.307763,0.255797,43.0451,0.575495,0.29006,0.152919,2.00857,1.02149,1.68929,1.55904,
3.76846,6.05529,7.75214,28.0401,0.00146856,11.4136,1.83841,0.117419,0.87662,2.20404,
0.31303,1.28978,0.0113536,2.649,8.1128,0.333618,0.832997,3.40177,0.342452,0.276483,
0.601789,1.09381,0.797173,0.558411,196.815,2.60721,1.06718,1.96943,0.38698,0.266933,
0.473945,0.1422,0.123263,0.308809,0.112415,0.125219,0.21655,3.64417,0.285964,2.2288,
0.992519,0.956563,0.436613,1.05054,0.363859,0.285972,4.99633,3.71283,0.0629548,0.154371,
0.0691713,0.807239,2.26889,1.09887,8.42928,2.22222,0.41936,0.753059,0.645204,1.62376,
2.21966,3.60691,3.66561,5.28701,0.0859245,13.4996,0.00315626,0.359441,2.59076,0.291788,
0.0384826,0.372648,3.45115,0.53104,6.18503,0.113726,1.56893,2.36797,14.3477,2.22166,
8.01236,0.0220219,0.249198,1.47634,1.22781,0.14212,0.498429,15.0085,1.39621,3.91442,
1.30167,0.471503,1.47788,0.629138,0.251821,2.3469,0.499328,0.257284,0.0472852,0.139384,
0.83465,0.0905744,0.698575,0.380694,0.80214,0.433898,0.646379,0.155768,0.088036,0.520355,
7.05979,0.00675477,0.581434,0.125656,1.5319,0.0216836,0.321389,0.0340414,32.2337,9.49954,
5.40739,1.17606,0.331814,0.866449,0.0293489,0.911529,0.289526,0.57856,2.77016,0.379146,
1.05211,0.32129,0.58707,0.0283554,1.24585,9.71288,0.502674,0.0473427,0.0761355,0.753436,
0.654475,52.9338,0.779109,5.39466,0.110003,0.141543,6.9855,0.550163,0.189054,5.50166,
0.393719,0.0531376,0.704391,1.32197,1.11489,0.811637,0.147405,4.46141,9.62826,10.8793,
0.163287,0.77284,0.223095,1.1644,0.886327,3.82476,0.855202,8.23604,6.03106,1.21802,
0.525597,0.399186,1.14508,6.46447,0.204717,1.95468,0.033528,0.0898967,0.106083,0.240813,
30.0459,0.6464,0.33259,0.634488,0.0601292,5.64471,13.9902,0.232917,2.09685,5.31704,
0.149011,6.70066,0.451179,0.480153,0.756767,6.22929,0.202644,0.00224716,3.15409,0.0743322,
1.23238,0.192794,0.574323,0.193906,0.073445,1.31443,7.59224,0.113566,2.08458,0.0178044,
0.441617,1.83809,0.705664,1.48134,0.129233,0.933774,0.884978,0.0743221,2.59081,0.265347,
16.6748,9.33679,0.132871,0.367617,0.336645,1.35368,0.201318,0.79452,1.37005,625.349,
1.11983,0.249502,0.191251,0.000963235,0.610505,0.306539,1.32117,0.407585,0.536305,0.422365,
0.448618,2.49228,0.0353304,3.85,0.547605,0.177242,0.462935,10.8892,0.290475,0.120215,
0.176386,0.226451,0.0436478,0.381828,0.922118,0.426826,15.7348,2.2361,4.40103,1.11839,
2.22172,0.602278,3.66208,10.3394,0.60524,0.271749,0.206578,0.0452771,1.15634,1.23334,
0.531326,15.3146,0.457039,0.632125,2.80904,2.67722,1.32064,0.135569,1.88019,6.41521,
0.304275,5.98886,0.0986308,0.3892,0.20662,1.45485,1.66294,0.148878,0.493937,0.871504,
2.27549,0.105999,15.4862,1.02071,0.0378714,0.493665,3.50479,0.267275,0.616345,0.545109,
4.79359,4.02664,0.441521,0.226406,0.304456,0.123766,83.4531,7.07474,0.309392,1.79775,
2.96567,0.995427,1.07891,6.99023,5.96215,2.82775,0.948779,1.00546,11.773,9.76254,
0.067963,1.67121,0.0344434,0.0240633,0.248354,0.07573,0.557779,0.0430595,0.406459,4.39347,
0.671473,0.192433,1.70184,3.45417,0.566305,17.3355,13.994,0.544552,4.69146,0.23203,
0.0859962,1.43398,2.82396,1.63369,0.936196,1.55962,0.656605,0.0712444,0.222858,0.50542,
0.00487192,0.336653,0.0542045,0.0397452,0.385852,0.343436,0.123581,2.23232,0.433481,0.71145,
1.11459,3.36122,1.58523,0.28461,1.30371,0.0687113,0.223432,1.04189,0.75069,0.0626759,
3.01839,1.11004,2.00255,1.05941,0.270173,0.272076,0.239952,1.89569,0.404015,0.650876,
0.0795211,0.415084,2.33458,0.145481,0.509198,0.0603782,0.665798,0.876245,3.33116,3.31615,
121.126,0.508312,1.26939,1.53962,1.49179,0.243226,2.24365,5.31802,3.17626,0.227319,
12.9667,1.14796,3.24917,1.52867,0.151343,0.0464724,8.1119,0.511079,2.50755,0.260739,
4.15101,4.48193,1.13899,1.11948,0.00194603,33.016,1.5081,0.672344,0.797148,0.680832,
0.284466,0.776567,4.47288,5.63686,0.141893,0.797536,0.0977482,6.33007,0.466799,7.86587,
0.0979601,0.360087,0.790516,8.24123,23.3276,1.52625,23.0205,5.70923,0.0385104,2.10451,
0.112122,6.11696,1.07409,1.96181,0.702578,1.08481,1.75346,0.110115,0.0266293,0.182586,
1.10817,0.333986,1.68746,0.601174,0.164155,3.87914,10.3529,0.309784,2.02535,0.337619,
0.183819,3.79605,1.2365,1.7305,2.24734,1.07808,0.412071,1.90191,0.657597,0.502718,
0.599821,1.07826,0.296282,0.00131162,0.317982,2.25154,1.09211,26.8968,4.86664,1.24815,
0.148946,0.627534,7.52638,4.05852,5.2899,0.0641145,1.58372,3.13946,0.437116,0.492946,
0.0827287,0.939788,0.209098,1.87456,0.230989,13.6618,0.303351,1.03493,1.47671,2.12058,
15.1697,0.0668591,0.343138,0.225887,0.0683993,1.12582,18.255,1.52527,1.00071,3.56827,
0.288989,1.98441,0.275951,0.163058,0.970097,0.114416,0.257514,0.215813,9.46255,1.18432,
1.16903,0.0128306,0.127029,3.21839,2.02357,0.452098,2.34489,94.4106,9.87792,0.520684,
2.03388,5.60033,0.713375,0.0145706,0.0841842,0.978344,1.21248,0.0449943,0.207699,0.150373,
5.35892,0.71367,5.39707,0.115958,1.42712,0.576874,0.26912,6.11409,1.37051,0.168274,
0.741884,0.232454,0.187133,1.29522,0.0214206,7.73213,37.7381,2.70409,7.03214,7.56319,
0.159192,1.28106,2.826,1.40593,1.38261,5.57851,0.184615,0.247069,10.2841,0.519283,
0.520538,3.15949,5.12966,0.288601,9.80255,0.819097,1.73229,0.171213,0.51193,0.368773,
0.430908,5.41877,0.941648,0.937782,0.767264,1.04647,0.643783,0.706079,0.409291,0.419097,
0.476288,0.814263,18.8787,0.14403,0.132155,1.16481,0.0223395,0.392735,3.87267,16.9736,
2.0868,0.229595,2.43841,1.14167,0.76282,1.68088,0.0828983,0.166418,4.67253,0.750698,
0.761645,0.204908,0.441233,0.023381,2.31946,4.36223,1.17598,0.186998,0.365954,11.2452,
0.913924,1.75627,0.623544,0.776676,4.18778,1.10382,0.074749,5.20478,7.99673,8.52841,
3.68895,1.37365,0.127274,1.08134,0.22558,1.33537,0.269976,0.365919,3.15166,0.0950071,
3.15927,0.319336,0.359518,0.144999,0.365649,0.0453243,518.643,7.97347,0.256913,0.363382,
4.27685,2.77634,1290.41,0.311826,0.294284,4.16937,4.92445,0.439117,1.91931,2.66812,
0.293852,0.893525,0.536231,0.54656,0.0912616,1.31221,0.0258178,0.439761,11.5243,3.87333,
0.683859,2.19683,0.10306,2.69218,6.24754,0.598133,3.75926,6.15462,0.40599,0.0580263,
0.196682,0.174521,4.32599,0.195945,0.680233,0.101793,0.0296802,0.376146,0.701657,2.29574,
0.0783052,2.22903,0.294705,0.770027,0.132181,0.473083,0.100616,0.167423,2.12304,0.0393012,
0.00151687,0.184244,2.83432,0.104994,18.295,1.59796,0.953702,2.88085,0.983214,5.89223,
4.54346,2.38349,0.050666,1.81642,13.8627,0.86356,3.3475,41.7791,4.16611,0.302514,
2.08615,10.3203,0.00831649,99.3785,0.575835,0.143492,0.457152,0.903039,0.385441,0.0790902,
1.0916,0.388775,0.306747,0.444112,0.636401,0.246143,0.0191404,60.0999,0.014631,1.08119,
5.23066,5.27183,0.382485,10.1443,1.02858,0.294271,0.644113,0.469104,0.266884,0.318808,
1.44729,28.7838,0.216561,1.51417,22.0539,1.37134,3.33193,0.391642,0.154461,0.121179,
0.576046,2.264,0.677609,1.82968,0.084847,7.33239,10.8042,0.108322,6.37579,14.892,
1.81429,2.47708,3.5784,0.0142176,1.7221,0.48992,0.321046,0.118322,2.39278,0.926111,
0.564716,0.518975,0.831024,1.34378,0.0401466,0.722438,0.278759,4.68582,3.26458,0.579872,
55.1923,0.228038,0.151424,0.639675,8.90782,0.273887,0.42318,4.48658,0.478562,0.245069,
3.1548,0.0586459,82.2926,1.27803,0.0750457,1.64797,153.504,0.474173,3.24123,2.32833,
7.95879,0.22022,0.127812,0.575029,4.28505,0.182247,6.65659,0.0899773,0.0330969,1.83081,
0.871314,0.0209016,8.92329,1.7038,0.708808,4.05843,11.6072,3.54169,1.73191,0.359149,
0.0423323,0.743705,0.486459,0.0338982,0.0857391,0.692255,1.99572,0.0807055,4.07902,0.852579,
4.07528,2.33378,2.18239,29.5695,0.155712,1.07994,0.151498,0.0471507,1.66573,0.198686,
2.42019,0.196144,0.231472,1.6192,5.72438,1.81596,0.815084,3.47639,0.832468,0.186093,
0.111973,1.01901,1.62777,0.802941,1.20425,2.63755,21.9308,0.367395,4.87016,3.21728,
3.92296,1.82156,0.960555,1.02813,1.61341,1.94462,0.126851,3.84398,2.59238,3.46465,
0.021944,0.852089,0.00753426,0.268243,0.181706,6.26169,13.8208,1.77863,1.86365,0.668561,
5.7827,3.70546,0.0125623,0.973716,0.382336,1.28501,0.370041,0.323911,10.7965,0.169923,
0.0782295,2.55641,5.35503,1.38981,0.383539,0.933717,0.418047,0.684014,0.46246,0.0962618,
0.300943,0.517987,1.32295,0.315263,1.44792,3.37216,0.163173,1.14847,0.79372,5.30998,
0.0374177,0.483118,1.79341,0.0511928,9.93525,0.0121103,1.67256,0.255079,0.347961,1.23813,
0.572102,0.516195,0.468135,0.322015,0.022091,1.80763,3.78594,0.470007,0.145788,0.189961,
0.731054,0.597363,1.12724,0.0895444,1.96022,0.237653,7.98273,5.84311,3.60636,0.548987,
2.38297,5.04475,2.89471,0.629101,9.62549,1.94891,0.668211,1.19868,15.4371,2.50886,
0.209126,0.46523,0.141651,1.0885,1.5168,0.172408,0.295302,0.739259,0.967483,0.588288,
1.64016,0.0204074,4.57764,0.276813,0.114848,1.02409,0.756705,0.0285595,0.631176,0.350345,
0.63223,0.187286,0.161191,0.232154,1.36159,0.0800725,11.301,0.0743494,1.78663,6.13495,
4.30387,7.03893,0.270041,125.754,0.721923,7.80717,0.165019,2.32441,0.50579,2.04066,
0.161213,0.0506206,2.31586,0.0154703,0.370578,5.29677,1.10656,3.25399,7.46878,0.017516,
0.096094,0.420817,0.2141,0.30335,1.05882,4.23205,0.461667,0.811377,10.0181,0.0480404,
0.5076,2.66813,16.8179,1.42564,2.57594,0.600958,0.968457,11.3256,0.16727,11.5006,
1.50164,0.41331,143.867,0.523821,0.449253,0.36122,0.287682,12.534,0.102679,0.161262,
19.9405,0.226938,0.840887,0.166852,0.787043,0.0715464,0.0110365,4.98987,1.13059,12.4576,
9.01285,29.7365,1.94921,5.50359,1.27457,0.71531,0.346246,0.154677,0.547028,0.7238,
0.0859382,0.0497387,3.53925,0.0805675,0.665797,0.170015,0.539053,2.04401,0.104255,0.853952,
6.2461,0.0664974,2.24519,0.530984,0.265693,0.24333,0.741517,0.285368,0.084046,0.0571396,
0.203261,0.0109996,0.0337557,8.24981,6.25782,1.51792,0.498018,0.186119,3.56866,3.00534,
1.57905,8.48898,4.4736,0.736651,0.00433561,0.347021,1.51652,0.551244,0.0173791,2.67742,
9.76158,7.86956,4.418,1.56383,0.353875,0.0849718,6.80333,2.96839,0.447929,78.0074,
4.69332,1.02455,0.00275642,6.80842,0.718475,6.47829,0.976737,4.7875,0.0684714,0.46309,
1.46381,2.30765,0.311928,0.783951,0.228243,0.320321,3.15,5.6841,1.81324,3.6133,
1.46364,1.29502,2.12477,0.778816,0.310685,0.0274481,1.14792,0.16914,3.66624,14.6542,
0.157392,1.66357,0.831953,0.161343,1.06108,46.0781,0.0491963,0.10898,4.19314,0.126756,
0.758005,0.757672,5.83018,2.63415,42.0631,0.090206,0.0447548,2.81707,35.4794,2.36012,
1.18796,1.33082,0.459852,0.383552,0.106889,1.45177,0.444632,1.93192,3.62589,0.173397,
1.52167,48.0881,4.65698,0.158343,0.142827,0.58783,0.139168,0.211916,0.952276,65.6245,
0.423603,0.0247301,0.722045,0.232993,3.14147,0.669911,0.388499,4.53362,0.245195,0.350836,
1.18449,3.96654,10.5318,20.1802,0.148147,0.0397053,1.23363,0.844353,2.45798,0.593436,
1.79419,0.555676,0.554871,0.958386,1.08284,1.02242,24.6677,2.09111,2.68491,0.839547,
1.97073,0.105641,0.946898,0.182408,0.416172,0.410459,1.43102,1.61747,0.186582,5.65195,
29.8743,2.93811,1.94152,7.47678,2.37308,5.10124,15.4032,0.439373,0.486052,1.91276,
2.84274,0.0598205,0.103955,0.187581,1.27581,1.78155,2.41231,1.11947,0.56383,0.871602,
0.0842632,0.113971,1.41033,1.40589,0.360047,39.708,33.1255,15.7921,1.48147,0.158727,
3.84611,1.32365,15.7093,0.924228,0.890099,1.86173,0.534398,0.730524,0.0456384,2.81033,
0.178493,4.02953,4.46261,0.338654,0.0199313,0.688685,63.2798,2.75976,0.038437,0.535457,
0.337496,0.131462,0.886523,11.4614,2.81119,4.07855,8.61482,2.46407,2.97044,1.03654,
9.25808,1.28147,0.184861,5.45131,0.143057,2.00066,1.06694,0.986397,0.189697,1.33594,
0.395105,0.478132,0.681017,0.173953,1.6353,0.750804,1.42974,1.54629,0.280237,1.75637,
0.0510668,1.00228,3.85623,1.13075,0.771383,1.23394,0.583339,0.546671,0.453132,0.212055,
26.1627,0.314333,3.77614,0.150179,0.145768,33.7864,5.46964,2.11559,0.89874,0.0547836,
0.432836,4.90035,0.623934,3.43086,0.0318426,0.0985616,0.334864,1.69604,2.65902,0.995686,
0.462958,3.87077,0.0995031,0.193506,0.566107,1.20759,3.229,4.0803,0.00601785,0.155858,
0.0382416,35.2281,0.641793,5.39193,0.125786,1.1963,4.45249,0.0066859,0.384992,0.483642,
0.0624209,1.66894,0.247737,0.834499,0.759171,0.303035,1.30659,2.86922,16.672,0.509283,
0.405683,0.377856,0.222649,0.6469,0.851419,1.37455,0.0408824,0.371347,0.704334,0.0475335,
0.738697,0.845493,0.0280726,9.89595,0.500058,0.163589,0.882387,0.242145,0.173306,4.51093,
1.24667,0.267288,0.885494,4.38016,2.54707,0.00994605,0.109412,0.492913,3.0882,0.0644381,
2.6815,0.120324,0.523062,65.4491,1.09498,8.17879,1.30557,1.34161,0.236198,0.0774541,
1.71994,1.93992,1.21052,2.0212,1.38131,59.4642,6.22974,0.149834,0.224458,0.0549518,
0.00574623,3.85698,0.36739,0.911205,1.65249,0.0655297,0.957364,3.08552,0.673165,0.410361,
5.2905,0.235173,0.708805,0.28697,0.219275,0.0400041,0.169614,4.0537,1.65453,0.539751,
9.65004,0.443437,0.0997961,0.886195,0.0630627,2.32689,0.840374,18.8383,7.35467,2.17842,
0.0193017,7.99391,1.01668,0.408951,0.632515,0.24364,0.565138,57.6081,0.0226852,5.39778,
0.385827,6.90871,0.0870375,3.10506,0.152663,0.364906,4.28775,0.403328,0.139456,0.855805,
2.25396,0.0619839,5.52236,4.49631,1.18741,14.1618,1.16621,0.0986602,7.69403,0.784295,
4.23724,10.5273,0.542489,0.535198,0.292394,4.3822,1.3875,1.71286,3.96052,1.56588,
0.988026,0.149368,1.01037,1.49028,16.03,2.04037,21.3842,3.10715,0.0452532,0.10131,
0.362988,3.03843,0.180766,0.182318,1.42565,2.86589,0.12182,0.243972,6.57694,0.0315888,
2.14914,2.19355,23.7087,0.122553,0.123374,0.245811,36.3426,2.6467,8.80076,3.42018,
0.602948,0.707367,24.016,65.1156,0.109076,9.23145,1.92324,0.07331,2.01215,2.53012,
0.195455,0.0227492,0.983208,0.491691,0.216842,0.190024,0.155161,0.42212,0.592838,0.0456815,
0.497407,0.146054,2.95189,0.43222,0.32237,9.24787,1.13146,0.289482,1.76654,0.808038,
0.0659479,0.107115,27.5305,0.0367682,0.094823,0.080833,21.54,3.45979,0.170536,1.6979,
1.0691,0.474006,1.93393,0.112586,2.43507,9.27866,0.36841,8.62836,0.289984,2.28804,
25.1443,1.48197,6.84183,2.47816,0.000162455,0.178659,1.67191,1.13241,0.649955,0.459204,
0.0776939,0.882136,0.746669,0.0513388,1.05337,1.14517,0.143476,0.911469,0.535429,0.390094,
0.215631,28.7398,1.86523,9.161,0.0852591,0.661366,4.21043,0.559659,0.465296,0.0952498,
0.144029,0.406497,2.47623,0.0402476,0.0819307,2.47896,0.239574,2.66711,0.41589,1.68995,
0.123738,0.604902,0.203938,1.28719,0.7713,2.70089,0.20686,1.4405,0.34954,1.23246,
26.5141,0.854189,1.10172,1.62845,0.618658,1.66636,0.11236,0.305642,0.0764883,0.771363,
0.496243,0.252402,3.84585,0.12879,0.323175,9.28818,6.79587,0.860387,1.78049,0.248142,
0.196151,3.74366,1.60461,0.533433,0.630257,0.150331,0.165656,1.46057,3.22251,0.725598,
0.27025,2.70651,98.9959,3.95719,0.634831,0.598828,0.82433,1.04159,1.90751,1.17411,
0.0479009,0.076589,4.03623,6.11413,0.233639,0.111507,3.3029,0.109849,1.4254,0.78421,
0.445092,4.12058,0.374683,0.0203406,0.249153,2.52805,0.179172,0.553699,0.54622,49.5004,
6.13441,1.54089,2.47829,5.68506,0.768946,0.198041,0.350668,329.89,2.59009,0.00750194,
1.16251,3.65706,0.0856041,0.596061,1.91027,0.381154,0.974975,0.832193,0.63737,0.187434,
0.00393085,3.21804,0.0224133,0.383178,3.78959,0.288041,0.072875,0.00701404,1.65215,0.766264,
110.101,1.01163,0.138411,2.38445,0.616101,1.40748,14.3522,2.27472,1.39298,1.97049,
2.38857,0.235696,0.908569,4.38681,1.51567,0.247963,0.162089,0.204814,2.35545,1.26133,
0.51937,2.4175,0.56244,0.58146,0.0650793,0.250598,1.74478,0.150929,0.262727,0.448836,
1.47237,0.252671,8.93281,3.11075,70.6266,0.436271,0.61106,11.7048,0.081758,0.0586111,
1.46814,4.25761,0.336097,0.174511,1.76087,15.3141,0.56913,4.75856,0.145858,0.154852,
0.703756,0.969342,8.45152,5.91189,24.7972,70.3355,0.108426,1.51481,0.138409,0.462973,
0.0112073,3.11071,1.23355,10.8991,1.15546,1.17736,0.318149,0.0196317,0.907455,0.484629,
0.0812654,0.174148,0.224449,0.507292,0.445802,7.7738,0.409232,2.73239,2.57257,0.776752,
11.6402,0.240052,0.0337627,4.50652,0.10053,0.0074789,4.13883,0.240298,1.57855,54.3954,
1.18787,1.68044,2.85233,0.205244,1.24665,0.473622,3.19179,6.72168,0.524112,0.395946,
0.297262,0.762604,0.832122,0.768635,5.65546,5.24576,0.526074,0.21848,1.42979,0.151841,
1.93167,1.09096,0.512184,2.36997,0.594205,0.806303,2.49074,0.2873,2.19565,0.580676,
0.266326,0.394963,0.0869808,0.0253698,0.919298,1.93203,0.539152,0.401744,1.20421,3.16867,
1.5907,5.43757,0.321191,0.169961,0.45346,0.155298,0.0358743,2.5123,0.484273,1.73275,
8.95535,0.0735841,0.282675,0.356643,3.95798,1.7582,3.41715,1.14541,15.6965,0.951561,
0.00755958,0.20161,5.53813,0.0962831,0.241699,0.552479,3.51498,1.38954,2.31028,0.568593,
0.6111,0.551753,0.322369,2.05239,1.1203,1.4791,5.98506,1.34084,0.550162,0.279902,
0.360211,0.38605,0.418442,1.06722,1.38478,0.170053,0.279408,0.639233,2.59089,0.213144,
62.7027,2.73099,0.559764,4.96387,5.91454,1.44519,0.295465,1.82705,0.308532,0.0101419,
0.0998357,1.97187,0.580964,0.529277,0.605823,0.0032965,0.0396007,0.36457,1.36461,0.66693,
1.07021,12.7318,2.8385,8.68484,0.840881,0.565138,0.0800656,2.69809,4.83853,4.71905,
42.8565,4.37946,1.35345,0.518739,1.92823,0.830586,0.0307843,33.2097,0.206126,0.368529,
71.8959,0.369281,0.0220118,0.55527,1.99703,0.675241,0.564758,2.54934,2.6898,0.0370361,
0.220157,0.417691,52.9808,195.666,0.279176,0.79237,0.55577,0.430143,0.294279,0.292997,
0.205954,0.267552,0.102556,3.99708,1.44705,3.65419,0.41697,1.70808,3.13882,0.967946,
221.42,2.93676,5.05259,0.0190013,0.194579,1.09265,0.741176,1.2484,0.409328,0.269081,
1.51012,0.994846,1.17389,1.41511,0.978687,4.65684,0.126422,19.2749,0.203868,0.545411,
0.236588,0.55093,1.52561,0.415555,0.254109,0.342854,0.154968,1.12165,41.3502,18.7902,
0.120813,34.6658,2.33844,144.799,0.000532348,12.6974,1.06846,0.743152,0.978577,8.11923,
2.19927,0.204917,0.694227,0.390467,4.28753,0.012057,0.177287,37.68,31.195,0.499731,
0.500005,0.204086,3.05164,0.0338845,0.958693,0.0276237,0.413283,1.934,1.28914,0.379375,
1.59933,2.37796,0.341453,0.559823,2.31035,0.342537,0.435404,0.367288,2.85929,7.41625,
0.232227,0.848352,0.095421,1.77714,4.28433,14.9836,1.90659,0.0197375,10.3961,1.69566,
0.552644,0.364797,6.01965,0.2011,0.438043,0.598182,0.244735,1.81819,0.125103,4.58056,
0.0131183,3.23635,1.19802,0.368348,0.217173,0.416574,1.27831,1.04307,1.53278,0.525533,
0.70544,5.98147,8.2016,1.08305,1.06754,2.44942,0.882414,0.305081,2.80165,0.662685,
17.1799,0.183359,2.6223,4.14498,0.505779,0.109167,0.290017,1.31411,3.51304,0.536221,
0.717816,3.9239,0.203909,0.062574,0.1367,0.571317,0.567423,2.54737,45.0455,0.0620994,
0.149545,0.657635,16.6145,0.0589562,0.0216378,0.886742,3.70545,0.981052,3.23587,1.20169,
0.00313146,2.49632,2.95224,2.68035,1.17797,0.168698,6.48648,4.98057,3.11648,1.90952,
0.285365,0.293911,0.921962,0.69822,0.414369,1.71058,6.01685,2.48102,0.634651,5.13543,
3.85667,1.19931,0.370277,2.87456,1.61325,0.417166,0.356099,0.771565,6.71558,0.0986858,
0.0803822,7.00133,5.22015,5.76246,1.60683,0.688867,0.0441147,1.00931,0.383963,4.46297,
0.284897,1.13808,0.105685,3.1606,0.0450099,0.675772,0.736623,11.6819,0.217942,9.42252,
3.22304,0.0353523,0.872323,0.10658,3.76115,0.187819,0.682296,0.122339,1.7085,0.438143,
0.256037,2.71471,0.268581,0.0984539,1.48899,9.07033,1.07029,1.89144,0.729084,6.9334,
0.980847,2.26994,0.749766,1.60575,0.929499,0.928076,0.114692,0.0136926,0.717985,0.411182,
12.2226,0.302154,0.494096,0.682066,0.515162,0.208104,1.48797,4.60535,0.410415,0.396612,
0.207414,1.11166,0.0927044,0.673918,1.7898,2.45659,0.482459,0.286026,0.673634,4.64222,
0.152314,0.00637957,1.16285,1.44549,1.66438,0.119416,0.176566,3.21526,0.137548,1.5107,
0.130519,0.0746025,10.2996,0.873884,0.960215,0.375875,2.14654,0.194864,0.1658,0.057982,
0.892451,0.485259,1.47981,1.36894,4.04198,0.412502,0.501913,0.213935,1.21802,4.28376,
0.0547127,2.5828,4.55286,1.52857,0.549662,0.887558,2.94392,1.14202,0.388213,11.1448,
0.255213,0.700889,0.014949,0.163628,72.1994,1.03424,0.76696,2.03245,2.52942,1.56075,
2.92329,0.322095,0.0322025,0.614051,8.97957,5.52274,2.74689,0.34899,0.073825,0.486259,
0.137196,0.139516,0.13193,259.897,3.30119,0.97314,0.876784,1.15731,0.126887,4.51946,
0.881809,0.487734,0.370635,0.949264,0.972089,0.352195,0.0953867,0.0316223,0.0190393,5.18111,
1.85912,3.37496,0.144858,2.25161,0.256313,0.0616303,1.25834,0.013929,0.480539,1.83001,
0.522651,0.872419,4.33849,0.926811,0.861837,1.48094,0.074847,0.034649,0.253407,0.228872,
6.54758,2.60245,1.20602,0.209782,0.355331,0.140921,0.844129,0.565391,0.184972,0.926615,
0.311654,6.2757,0.421496,0.612582,1.3322,1.14038,0.816774,0.247331,1.22441,5.89132,
10.9587,11558.7,0.538045,2.77621,0.926769,9.28934,0.592724,1.31785,20.3752,1.59622,
4.35141,4.65564,0.606061,0.64384,0.0520879,2.26028,1.17867,1.08036,0.144163,2.89476,
0.100118,0.611031,1.62745,0.671376,5.20113,0.33516,0.0368318,0.47368,0.907228,1.47813,
0.270033,0.690842,1.47806,1.51527,0.252226,0.182252,1.08323,1.59012,3.36232,0.929502,
0.396613,1.50231,0.513243,2.56807,0.0873693,0.65972,0.803466,1.81561,0.0217858,1.51058,
0.731514,0.127792,0.0760584,0.139068,1.17057,16.407,0.637151,1.41018,0.385935,30.8664,
0.321847,1.09476,0.623864,11.6426,0.242028,1.68332,0.110405,3.35494,0.417947,10.478,
0.421217,1.6585,1.11209,2.22722,0.621192,1.70051,0.184854,12.1373,0.478422,0.218079,
1.16055,4.60035,0.43446,1.69041,9654.69,14.0039,1.37567,0.637072,1.12317,18.1188,
0.574738,5.39687,0.922351,4.76373,3.33714,2.645,0.917043,10.295,1.0835,5.71633,
4.79375,9.22063,0.985118,0.625041,1.52502,71.478,0.107742,4.31535,10.1766,0.777657,
0.0491049,0.863511,0.421,0.555412,0.197348,0.420943,0.441763,3.91042,2.97492,12.4814,
2.9718,0.207763,3.42588,0.382446,0.0532344,1.29063,0.0803119,1.18252,0.959237,1.59871,
0.720115,0.538374,1.13551,0.0210065,4.22716,0.256253,0.0118036,18.9788,0.0754945,12.912,
0.661169,0.134647,0.68359,3.14644,0.99305,1.54354,0.132478,8.04749,0.765004,10.6516,
4.51091,0.306098,0.126272,1.55348,1.20084,0.198395,0.307167,1.79233,3.10589,3.71176,
0.445916,0.294276,0.232209,13.6315,0.333962,0.0563885,0.184242,0.357824,0.0208647,0.301051,
0.2677,0.732304,0.573348,1.97285,0.303774,27.0787,0.470127,0.572879,5.91735,4.87187,
0.425949,2.16619,0.125613,0.749682,0.512314,2.22884,1.71948,1.60833,0.596865,0.731614,
0.770244,2.92413,2.35697,2.01179,2.16046,0.0343027,2.85841,8.83364,0.431079,3.33956,
0.188141,1.20444,0.318367,1.24018,0.363451,1.01769,1.10116,1.7199,34.2167,0.681835,
0.944823,0.384518,0.188189,1.67835,3.37488,1.10851,0.563086,0.771314,0.264765,4.21183,
24.6263,2.26725,1.33666,2.0085,0.667036,0.441028,2.48225,0.247156,0.299431,0.095299,
0.0357573,0.689057,1.93342,0.389512,0.0608051,0.016102,6.30027,1.48466,1.88688,5.10425,
0.0988581,0.257885,0.186609,0.343542,9.32301,320.763,5.93607,0.401362,0.763743,0.119451,
0.169091,0.673202,5.31114,3.20125,0.166337,0.383071,0.147252,10.3717,1.01742,0.598114,
0.0288902,1.21308,6.50854,2.30293,10.636,19.8046,2.56006,3.58105,1.25674,0.693054,
1.7151,2.06752,1.9393,5.40431,0.0175331,1.35603,5.28794,7.42046,20.8378,0.444205,
0.0269724,0.127572,3.50054,7.33886,12.0185,56.7622,0.23295,0.0820893,8.55839,2.92664,
0.869662,15.0002,0.507076,0.559204,1.79377,0.373042,0.475135,0.663853,0.12531,48.0982,
8.91736,3.57976,1.90888,1.33703,1.76756,2.121,0.273269,1.00601,1.35531,0.222576,
8.50705,1.56294,0.440683,2.14163,1.03136,0.331229,1.99883,2.98571,0.502647,1.35461,
1.07806,7.77615,1.09615,20.2334,0.373293,0.295407,0.31111,1.78706,2.08985,0.568509,
1.65723,1.42757,0.242727,0.4885,0.290705,9.35158,0.094113,0.870633,0.733299,2.20842,
2.26275,0.516467,0.523488,0.0830077,0.109473,18.5668,0.504651,4.03479,2.36698,2.71909,
0.690466,0.378966,1.69538,0.034515,0.316423,326.524,0.361164,1.03243,1.76696,0.0283455,
36.9943,0.455483,1.66216,0.214759,2.29971,12.8994,0.122562,4.43446,0.689103,1.25706,
1.11052,0.201975,0.00274627,33.6719,0.335689,0.113024,11.6045,1.71878,18.3935,1.72304,
0.668088,0.583116,0.00351482,0.124317,0.689631,0.32328,0.121739,2.73958,4.57686,3.65479,
3.37107,3.90781,0.179468,0.748299,0.0348305,9.88601,0.59113,0.169193,2.71377,6.32271,
2.93244,0.437641,0.0784243,2.99298,0.394785,0.500515,8.38176,0.289846,0.0576866,5.41177,
14.8449,0.874798,0.331265,16.3084,1.53116,2.47567,0.254102,2.98958,0.901329,0.0813406,
1.24778,0.408459,9.50369,3.05651,3.6767,21.4703,2.03403,0.26135,0.128796,0.768812,
0.123728,9.77198,4.31709,0.229896,1.99168,0.168643,1.24122,1.3409,0.628703,1.66407,
0.792224,0.509195,0.197108,3.0164,0.416172,4.69819,0.962789,1.11964,1.44349,0.0657687,
1.66567,0.27061,0.565105,1.18967,0.0379917,0.246133,1.02658,2.57626,0.742969,1.87281,
0.271134,1.28041,1.33356,0.0857459,4.15899,0.409355,0.297255,0.646062,21.9317,1.96773,
0.111288,0.688058,0.0887961,0.376125,0.270639,0.633955,0.168893,3.17911,0.0208236,3.58894,
5.59554,1.8748,0.0606801,0.325012,0.340988,0.104813,0.881282,4.94995,5.80536,0.00458854,
1.02473,0.121694,1.31173,0.183566,0.237396,0.681097,0.884638,0.799181,7.76752,0.768471,
0.213574,0.023693,15.9805,0.360461,0.428057,0.206452,2.43514,0.876717,0.00328852,2.80496,
0.41326,5.81193,0.735555,0.558513,0.161448,2.80137,0.89118,1.79816,1.41454,0.546492,
1.84719,0.200432,0.931204,0.374698,0.505007,2.62946,2.81708,8.3,0.290644,1.7435,
0.537921,0.73022,1.99951,0.439165,2.97024,0.0536193,1.01624,0.941201,1.13092,1.03328,
0.374137,10.0548,0.635363,3.15368,0.40744,1.25427,1.08475,5.0993,0.347242,0.218209,
0.2963,0.000385085,0.566703,3.37015,0.375528,3.23264,1.08194,0.0872104,1.99455,4.24379,
2.89971,0.104773,0.374066,0.793696,0.710011,0.0952897,1.02164,0.0245244,1.46615,0.13736,
1.16737,22.4678,0.0628671,0.0298995,2.57976,0.556618,1.46369,0.41002,0.303004,14.967,
0.990339,0.958154,15.1179,24.0423,0.436775,0.294718,2.66978,10.3196,0.46485,0.747945,
2.6702,0.142615,1.19493,0.0772777,1.48125,0.0594746,0.193199,0.212871,0.0878455,4.24717,
0.443594,1.79998,3.34798,0.602428,2.14477,1.06242,4.19535,0.479888,8.02005,0.103522,
0.38383,0.688304,1.54984,0.301914,0.604233,0.0103066,0.951333,0.199685,12.7075,8.15958,
1.7231,1.96111,0.0529021,0.314097,3.1672,1.97143,0.432909,111.267,9.39097,0.654727,
4.03031,0.308375,0.132824,1.43174,1.93765,5.38797,0.215232,0.96854,0.260559,0.110456,
1.56842,1.06005,1.12212,0.379577,4.32453,0.0114396,0.402121,0.505296,0.217612,0.303911,
0.339345,6.94963,54.5879,0.449741,0.174087,2.90242,0.0613463,0.90156,2.78438,109.052,
39.0033,1.25766,0.297337,0.111486,0.270607,36.8149,113.878,0.694658,0.889201,0.250872,
1.13273,0.186,3.38029,0.163721,0.834084,1.50239,0.180371,4.359,0.0330382,0.528521,
0.109352,0.40755,0.334133,0.0946854,1.84344,0.718981,6.4564,2.65696,0.00255663,1.5994,
2.55181,46.4997,0.307739,0.0267024,0.0942748,0.904179,0.00894141,0.087377,169.95,0.929566,
0.406987,1.1112,2.1207,0.136587,2.41666,0.247859,3.16758,11.5592,0.0709726,4.13901,
0.399612,0.202178,0.170336,1.34897,0.355349,5.49434,0.0899503,0.196686,1.43155,0.0931153,
5.07878,0.53969,0.0765849,0.132122,0.616296,0.191065,1.6413,0.644563,0.328753,1.60705,
48.1138,1.35309,0.265351,1.95634,2.7441,0.000306369,14.095,1.07204,11.6327,0.0228736,
0.557547,0.29408,0.238335,1.1335,6.93043,0.928241,0.679191,329.982,2.21247,0.089564,
0.0907331,1.19191,0.81137,0.186717,2.27828,12.243,0.494532,0.561561,0.500569,1.64846,
0.0696559,0.466928,0.345676,0.392551,0.0679851,0.0658106,0.393232,0.0202065,1.47704,0.28877,
0.0442676,0.0505047,0.916791,0.314157,1.45748,0.604858,3.62143,0.0936553,0.598973,0.991795,
0.206901,0.902177,0.143296,1.9492,2.0494,6.60873,1.47074,0.0901451,0.350215,0.0269501,
2.74816,0.49991,0.535873,0.0660531,1.99463,0.736878,0.143707,0.0362095,0.813227,3.21892,
0.356951,1.00396,4.92744,4.28048,4.15334,0.819317,0.300564,1.53629,1.2553,1.8778,
0.214087,3.55349,0.240687,0.455928,0.885154,15.3644,0.273911,0.16732,0.0437031,1.01626,
0.207002,3.8064,13.5105,1.23407,7.41314,1.53819,0.0754429,0.0464649,1.87698,1.15253,
4.74911,0.00783275,0.137669,2.01865,4.61382,53.6487,0.228484,0.114649,1.44031,3.98792,
3.81337,4.67994,1.48033,0.0491526,0.221779,0.169056,0.0067877,0.715465,0.425914,0.0512562,
0.0261517,0.98965,6.25087,32.1903,0.15204,2.99427,1.38357,0.260832,4.32974,0.402646,
4.08231,1.86578,0.420435,46.142,0.570086,0.195947,24.4265,1.41146,0.380099,1.2577,
0.712801,0.139738,0.696023,0.10947,0.208297,1.71807,0.334462,0.219104,0.146096,1.43614,
0.303765,0.182891,0.194087,0.154387,0.154479,0.440193,15.4985,3.11139,1.20406,3.10214,
0.119842,0.620892,0.78386,0.723171,0.579198,8.18783,1.63546,0.507749,0.974855,124.222,
1490.33,0.016702,0.132752,0.694595,0.131118,0.428699,0.13792,0.617524,1.03443,0.34526,
0.0675756,4.172,0.7611,0.300611,0.000705268,1.4817,1.35092,15.7963,0.64111,0.237469,
2.35959,1.08304,1.59421,0.255025,0.0420593,0.0751086,0.144214,2.07219,0.721168,1.88447,
2.00791,0.719692,2.08225,4.81043,12.1672,5.0502,0.207977,0.0746753,0.341075,2.68165,
0.504721,0.483689,1.24783,5.56813,1.48521,1.25246,0.879892,0.308041,1.02666,24.7109,
0.822372,0.357511,0.953688,0.167084,0.980084,1.16931,0.279037,1.89645,0.368308,2.19268,
0.545265,0.0250426,0.207905,0.117196,6.32761,0.135235,88.3228,0.0831095,0.238926,0.326686,
5.09668,1.28775,1.60056,0.720027,0.772349,0.370761,0.0732962,0.0121807,1.17377,1.4597,
48.0926,0.0904648,16.9083,0.893044,0.302479,0.81756,0.110392,0.912907,0.211068,0.61971,
0.289406,1.27294,0.700536,0.714941,2.29895,0.439613,1.28618,2.19507,0.651236,4.41144,
0.0187166,0.364645,0.690657,1.77735,2.95203,16.7905,0.00507233,5.38763,25.4447,1.20494,
0.855288,16.2859,1.88975,0.713848,0.740468,33.8757,33.9263,1.20971,0.832349,0.182489,
0.0319892,2.76439,3.19625,0.81716,0.263124,0.945507,4.91163,5.08312,0.302827,0.35724,
1.96368,0.338713,1.31523,0.168371,60.9619,0.552703,0.117864,119.449,0.310063,0.0868693,
1.17217,3.12185,0.0431248,0.337894,0.292266,0.908763,0.301773,0.258988,0.123543,2.90027,
0.604252,0.16644,1.01561,0.239138,1.68078,3.34234,2.70579,0.929643,1.63096,0.0389373,
4.40051,0.493369,0.41926,0.703702,0.999077,0.395696,5.68103,1.72953,0.383962,0.147757,
2.8644,9.03391,15.8357,3.98556,0.219908,0.224996,0.459196,0.767121,0.692727,0.795032,
0.300908,6.77294,1.62909,3.98176,0.113775,0.427366,1.4197,6.91547,6.19704,0.360293,
13.1672,2.18348,1.79719,0.321403,0.199815,0.262866,1.29171,0.0662067,10.8019,12.953,
0.24212,1.98504,4.93485,0.180711,0.960569,0.065927,0.54177,8.11531,1.0418,5.25291,
0.553019,4.1678,2.56438,0.0690005,1.63666,6.26221,0.597621,0.361591,2.88757,0.364965,
1.31531,2.11758,0.0378321,0.365834,0.010062,0.259612,1.02278,1.36192,0.378965,0.775352,
1.06833,0.992795,0.206219,0.609274,2.25379,2.40694,0.827555,0.132203,1.55869,0.0640435,
0.00780952,0.0598193,8.40396,2.70696,0.140042,1.12671,1.54346,1.08933,6.89713,0.632917,
6.46253,0.859373,0.160976,11.5074,3.95281,0.175532,0.17564,0.51754,3.40803,0.804689,
6.15508,0.493904,0.0467785,0.0790615,3.50202,3.06981,4.21492,0.380854,11.5237,0.804251,
0.525917,13.68,1.06435,0.358992,2.02341,2.05577,6.7844,0.480609,0.337094,3.02057,
3.5713,0.183183,0.356931,50.7962,0.110472,0.130461,0.157455,0.34508,0.913121,30.368,
3.25707,0.574599,0.442372,4.83596,0.825847,0.164005,1.49454,0.42783,0.776822,1.13448,
4.52485,6.42579,0.906576,0.580919,0.198813,0.263684,0.130835,0.082601,1.32308,0.620975,
6.10799,0.629074,1.32381,0.190989,0.590613,2.33296,0.399285,1.14724,0.0385954,5.16764,
1.03283,4.49225,0.317279,9.14758,1.92955,3.04462,0.0788566,0.446641,0.130641,1.11559,
13.6713,80.2761,0.714235,0.726615,0.557844,1.62958,2.09704,0.983263,2.5943,0.425234,
68.0452,1.47612,2.96035,1.26038,4.2392,0.215208,0.442988,0.168755,3.22295,0.538717,
0.0334714,0.459201,0.268471,0.383665,0.317747,18.3249,0.105045,0.477955,0.370389,0.275909,
17.5339,0.282845,0.26185,0.598765,2.24373,1.53525,0.0877117,0.684339,0.211153,5.04428,
3.36875,0.196544,0.838198,1.17712,3.38719,0.436327,3.35259,0.158483,0.891751,1.24348,
1.05081,1.04875,29.0251,3.62032,6.5665,0.277402,2.79082,0.00603287,1.37078,0.0827014,
0.286849,1.14107,0.440109,0.834396,0.0129541,0.0811299,0.161494,0.10369,0.99016,0.483663,
35.3184,0.452401,1.07796,0.767186,17.6279,0.496524,4.2776,2.58924,0.971128,0.468998,
0.474875,0.105061,11.8677,0.422655,11.5257,3.85846,1.2159,1.98093,4.07074,0.24526,
3.32401,0.088591,3.70678,0.153433,1.25243,4.15123,0.270952,2.80645,16.2796,3.32599,
0.146717,10.7999,0.160789,2.15177,0.580704,0.1132,0.100857,0.285554,6.33736,1.55477,
1.37762,0.281695,2.77689,1.05828,1.23098,1.97257,0.528425,0.211727,0.588415,0.24378,
0.638618,0.238738,0.399854,0.29054,0.513111,13.3496,0.0937146,1.44565,2.07417,0.0492936,
0.654235,5.68445,72.4049,1.29003,1.22853,0.555196,2.29103,2.03265,1.64442,1.35704,
0.485886,0.351686,6.44204,0.145872,5.59248,0.78622,5.15562,0.299891,1.91117,0.32596,
0.820112,0.139905,0.864335,4.18291,0.568147,8.09661,2.88553,0.867101,0.993141,0.814898,
1.09647,0.00301075,0.492951,1.04868,1.3107,60.1514,33.8733,0.454279,1.90705,1.48358,
91.0921,0.0717927,16.9898,5.91425,0.247901,3.90327,0.483134,0.0911268,0.0914416,0.0709525,
0.515258,1.24489,0.239387,8.1961,0.649939,1.4572,3.67359,0.240589,0.158909,0.480096,
2.22814,2.32352,0.487822,0.106092,0.361364,3279.48,0.0928409,0.323759,0.453862,3.37659,
12.0552,0.437026,6.52626,6.66415,0.2446,0.116792,2.08546,1.25486,0.238491,3.77985,
1.79861,1.31306,0.613735,9.51605,0.911212,6.00082,1.05207,0.437789,0.102517,2.20486,
2.14906,4.51201,0.731578,0.0963971,23.0666,2.98808,0.0961837,0.060664,0.0666737,0.707429,
5.80822,0.011951,3.70895,2.6747,7.85232,0.0481298,6.97844,1.36397,1.60548,0.116193,
0.669642,0.449193,2.37738,6.45716,0.314295,0.312242,2.71113,4.53692,1.38827,6.2015,
1.12255,0.456201,2.22067,0.0524805,0.711419,1.88151,4.54656,1.09582,2.71098,10.2039,
0.0397427,1.49294,12.9971,5.34914,0.581421,4.51838,10.1061,0.373119,0.738186,1.1709,
0.641123,11.6121,16.4677,0.191465,3.78014,0.246777,0.720459,1.18761,0.0751463,0.0971336,
0.748184,1.62242,0.713514,0.223594,2.17743,13.0205,9.2117,1.11252,0.867208,1.79958,
0.829404,1.04963,0.418359,0.657356,0.621976,2.59355,0.343932,0.457999,0.0717744,2.84561,
18.3176,0.892073,2.01816,8.2751,2.06037,0.944742,0.138543,0.192772,0.129152,0.24368,
0.346863,1.31787,7.46668,2.73775,4.22185,1.38913,2.01694,2.54464,0.220769,0.247362,
0.66276,2.11222,3.27441,3.13045,0.171312,0.254119,1.02125,0.729716,1.22602,1.44133,
0.277589,1.03198,0.164194,29.6418,0.724335,6.51276,0.850239,1.32085,0.0741218,1.5136,
4.76591,0.505568,0.305732,2.52662,0.153656,0.106218,0.520334,5.71056,5.75833,1.25321,
0.102239,0.39604,0.404237,8.83458,0.117014,0.839506,0.150184,1.7669,72.353,2.57826,
0.396578,0.261977,0.387865,0.80551,0.226207,3.23422,0.516522,2.22625,0.590116,0.730024,
0.511225,0.312339,5.09813,1.59791,0.0336158,0.0209376,2.89657,0.61447,7.41576,1.56422,
0.0375174,0.0129767,109.364,0.491311,11.1273,0.109467,6.64281,0.0800927,3.38192,5.95677,
4.68672,0.130388,0.117754,0.176484,1.43374,0.42838,44.7175,0.0283353,0.0737415,0.54897,
0.837127,0.721721,1.76201,0.481481,0.130958,2.14192,0.536064,9.76077,0.155226,0.349214,
1.13186,0.209206,0.376184,1.09867,1.14066,0.270637,1.85792,0.739356,0.419113,0.825133,
0.453765,0.197502,1.47191,0.769325,0.487684,0.326359,4.16756,0.4523,0.383351,9.63694,
2.65012,4.0569,0.52813,0.670285,0.213975,0.932789,0.180359,1.26318,0.688609,0.424126,
8.73657,0.0407681,0.992785,0.247074,1.34558,0.131911,0.764778,0.387242,1.31555,3.97678,
4.01622,48.4613,0.0251985,0.743769,0.720939,0.554245,2.70153,0.364454,2.68484,0.0844643,
0.247603,0.933771,10.7573,1.38577,143.465,0.132211,0.166567,0.173769,2.45296,1.39124,
0.883925,1.62574,1.72683,0.0683375,7.72544,0.360353,0.225967,0.522158,1.40215,4.26618,
0.235558,0.711241,3.79433,0.278175,16.0106,0.342693,1.60432,2.09814,1.26653,0.622776,
3.63105,4.50586,32.936,2.4033,0.748107,26.5633,6.61277,1.52264,0.14033,1.46097,
0.32754,1.65512,0.370259,29.8276,2.43687,0.229036,0.31803,28.9263,1.29149,9.34803,
3.52901,4.36,0.515402,1.42899,0.0918458,0.419983,12.7557,2.682,0.0585797,0.993254,
0.210078,6.32262,0.540317,0.180741,1.4097,6.23962,0.14683,0.902341,0.946505,0.349936,
0.171161,3.97402,36.3237,0.776763,3.3307,2.17752,2.00898,0.0798945,1.90664,0.398888,
0.00970538,0.865452,0.172873,0.541848,0.153241,0.312156,2.37529,0.0906331,0.042938,3.55446,
1.52318,0.279506,1.90255,0.0499636,0.636804,0.415735,13.7821,1.19144,5.45062,0.759764,
7.41202,0.0405776,0.375687,5.92577,0.942554,0.115218,1.26396,0.275442,0.221308,0.371034,
1.14567,0.237179,4.09253,2.62642,1.37675,288.74,0.0396406,0.491474,0.0879243,0.0870652,
0.196079,2.46082,0.444301,7.26679,3.48827,3.20541,0.256537,2.51407,0.530163,0.103791,
0.260619,0.344773,0.155923,1.04021,0.178288,1.90282,1.7903,3.09551,19.2623,7.88048,
0.100388,0.973744,0.1265,14.5774,0.36876,2.66338,13.808,0.455344,0.140712,0.0370635,
0.68388,0.424046,3.17891,3.59402,0.262808,1.26401,1.29548,0.768885,0.471916,0.0136758,
1.22491,1.28739,0.372984,2.64871,0.178029,0.800707,0.715327,5.50803,0.334548,0.608964,
2.85361,0.547633,41.6915,8.90514,0.439086,0.337509,1.75267,0.342236,1.54899,4.08339,
0.41932,0.109417,0.178745,0.133329,12.1545,0.603267,2.46869,1.0038,9.19704,0.115642,
1.07485,0.88392,2.31332,6.55764,0.331485,9.8755,0.51473,2.60454,3.16553,1.75085,
0.196565,1.10169,0.0817944,0.173754,0.790175,0.64697,0.724226,0.179827,2.35873,0.124413,
0.0160973,0.0797447,0.273683,0.202948,0.243702,0.191531,1.37539,70.2668,2.39557,0.986698,
0.104018,0.381632,0.0669056,4.83768,0.218147,0.470126,2.88972,1.22925,0.125044,1.11142,
0.3302,0.398354,0.153287,0.500641,0.835496,1.53717,3.96279,56.2784,4.23872,1.09927,
0.109703,4.95347,1.62005,0.481008,0.0540824,7.44054,1.05466,1.82786,6.58582,0.373582,
0.263593,0.00544812,1.43023,0.385202,5.11985,4.73805,1.8242,1.47314,0.685139,3.91468,
0.238345,2.44523,0.155511,0.512207,0.128525,1.65098,0.040388,26.268,1.55022,6.42585,
0.974828,2.83959,2.40335,0.22393,0.147534,3.49142,0.110782,2.10228,0.829896,0.0108135,
0.0356788,2.49216,0.0164104,1.73153,0.0714814,6.15418,0.937432,2.79011,0.91323,0.00071395,
1.23823,2.56961,2.45701,2.68205,0.144443,6.66201,0.638511,0.201249,5.0504,0.0923491,
0.0794133,0.561769,6.07766,4.2176,1.36932,0.032815,1.51323,2.43693,2.58632,0.156194,
2.62155,3.33326,9.24301,2.94336,0.770023,0.00191218,1.63361,0.0247554,2.82894,0.205445,
0.0255143,0.505209,23.3755,2.92582,0.149372,0.108956,1.6852,1.20604,0.377971,0.944332,
1.90903,0.55862,16.55,1.1436,0.269156,1.12833,1.34935,7.70187,0.408465,0.514857,
0.0595419,0.093063,0.197549,76.2062,6.50533,1.76808,99.1454,1.02558,2.04189,2.70213,
2.6204,2.39239,0.150859,2.1967,0.919343,0.369577,4.63867,0.21628,8.86041,0.168276,
2.45444,1.31584,1.12749,1.94061,0.213055,4.09875,0.331934,4.14127,2.30822,1.36945,
0.238536,3.45277,2.22397,0.59791,3.23065,1.3388,0.105197,3.07482,0.184926,4.03993,
1.03962,16.5382,1.12369,2.09623,1.75527,0.107907,0.0331461,0.938551,0.397007,17.7919,
1.9936,0.0751428,1.09975,0.340579,3.08265,2.995,0.125189,0.0764393,1.34659,5.75338,
